20.7
17.9
18.8
14.6
15.8
15.8
15.8
17.4
21.8
20
16.2
13.3
16.7
21.5
25
20.7
20.6
24.8
17.7
15.5
18.2
12.1
14.4
16
16.5
18.7
19.4
17.2
15.5
15.1
15.4
15.3
18.8
21.9
19.9
16.6
16.8
14.6
17.1
25
15
13.7
13.9
18.3
22
22.1
21.2
18.4
16.6
16.1
15.7
16.6
16.5
14.4
14.4
18.5
16.9
17.5
21.2
17.8
18.6
17
16
13.3
14.3
11.4
16.3
16.1
11.8
12.2
14.7
11.8
11.3
10.6
11.7
14.2
11.2
16.9
16.7
8.1
8
8.8
13.4
10.9
13.4
11
15
15.7
14.5
15.8
16.7
16.8
17.5
17.1
18.1
16.6
10
14.9
15.9
13
108.836
108.702
108.422
108.613
108.2
109.072
108.6
109.046
108.664
109.03
108.405
108.766
108.824
108.724
108.518
108.517
108.794
108.475
108.484
108.709
108.635
108.143
108.232
108.356
108.871
108.532
108.849
108.711
108.435
108.59
108.15
108.969
108.018
108.528
107.953
108.468
108.123
108.792
108.206
108.737
108.277
108.654
108.184
108.961
108.23
108.072
107.759
108.531
108.227
108.667
108.313
108.823
107.996
108.668
108.071
108.653
108.003
109.003
107.774
108.426
107.555
108.801
107.659
108.993
107.673
108.496
107.27
108.542
107.694
108.841
108.251
108.769
107.753
108.344
107.605
108.382
107.219
108.593
107.423
108.376
106.951
108.545
107.739
108.812
107.767
108.637
107.581
108.072
107.525
108.208
107.886
108.262
107.78
108.39
107.495
108.263
107.432
108.801
108.044
108.749
108.42
108.736
108.411
108.453
108.206
108.385
108.183
108.869
107.61
108.822
108.028
108.833
107.563
108.746
108.237
108.661
108.288
107.858
108.314
107.857
108.709
108.14
108.516
107.844
107.709
108.187
108.535
109.449
108.484
109.304
107.566
109.047
107.562
109.052
108.207
109.039
108.524
107.907
108.444
108.024
108.486
108.242
108.439
108.4
108.871
109.171
108.881
108.624
108.195
108.667
108.25
108.805
108.26
108.63
108.959
108.282
109.592
108.325
110.017
107.948
108.97
108.051
108.995
108.323
109.375
108.591
109.114
108.28
108.847
108.139
109.023
108.361
109.826
107.99
109.401
107.807
109.465
107.993
109.579
108.822
109.433
108.603
109.17
107.986
109.172
108.413
110.4
107.966
109.509
107.361
109.344
107.167
109.958
108.841
109.272
108.674
108.306
109.243
108.295
110.385
110.552
107.548
109.153
106.28
110.246
106.857
111.327
108.994
109.94
107.72
109.342
108.585
109.396
109.643
109.284
108.012
108.744
107.719
109.529
108.063
110.799
108.179
109.556
107.524
109.478
108.475
109.498
109.396
109.407
108.398
109.032
108.469
109.497
108.162
110.082
108.424
109.189
108.021
109.253
108.987
109.47
109.373
108.891
108.947
108.809
109.32
108.861
108.691
109.35
108.582
109.19
108.659
110.018
108.815
109.603
108.532
109.274
108.756
109.358
109.077
108.969
109.13
109.416
109.199
109.085
108.965
109.513
108.304
109.486
108.58
109.904
108.839
109.624
109.487
108.828
108.846
109.034
109.13
109.253
109.053
109.586
108.933
109.639
108.698
109.641
108.914
109.252
109.095
108.943
109.36
109.123
108.951
109.189
109.026
109.687
108.774
109.082
109.025
109.273
108.927
109.154
108.903
109.555
109.103
109.265
108.965
109.102
109.485
108.826
109.291
109.147
109.49
108.836
109.014
109.04
109.421
109.379
109.309
108.881
108.78
108.809
109.258
109.111
109.626
109.374
109.268
108.805
108.436
109.33
108.937
109.761
109.208
109.293
108.544
108.876
109.235
109.42
109.291
109.322
108.574
108.694
108.398
109.504
108.854
109.901
108.475
109.528
107.82
109.275
108.646
109.814
108.64
109.265
108.407
108.503
108.254
109.538
109.392
109.544
108.586
109.284
107.805
108.844
108.243
109.422
108.891
109.417
108.72
108.864
108.494
109.068
108.349
108.479
108.278
108.717
108.543
108.753
108.748
109.343
108.621
108.345
107.891
108.313
108.709
108.716
109.141
108.377
108.637
108.439
108.54
109.055
108.532
108.849
107.61
108.771
108.502
108.893
108.522
108.365
108.112
108.019
108.265
108.253
108.599
108.579
107.867
108.391
107.511
108.839
107.911
109.315
107.855
108.48
107.361
108.668
107.868
108.973
108.238
108.699
107.859
108.213
107.64
108.192
108.122
108.912
107.264
107.816
106.499
107.913
107.344
108.92
108.089
108.303
107.407
107.45
107.504
107.542
108.344
107.663
107.907
107.068
107.567
107.38
107.557
108.38
107.873
107.509
107.109
107.299
108.081
107.509
108.723
107.687
107.795
106.565
106.586
107.234
107.487
108.427
107.713
107.594
106.516
107.264
107.998
108.28
107.822
106.591
106.576
105.867
106.842
107.867
108.002
108.043
106.554
106.949
105.928
107.342
107.351
107.956
107.095
107.313
106.265
107.963
107.799
108.182
107.018
106.954
106.624
106.925
106.986
107.895
107.385
108.374
107.366
107.911
106.84
108.339
107.33
108.746
106.492
107.686
106.067
107.276
106.379
108.299
107.938
108.694
107.943
108.264
107.071
107.839
107.998
107.707
107.898
108.226
107.337
107.817
106.59
109.854
107.75
108.667
106.456
108.333
107.392
109.39
108.27
109.088
107.977
108.851
107.131
108.539
108.097
109.162
106.86
107.797
107.226
109.237
108.597
109.145
108.517
108.169
107.646
108.083
108.072
109.122
108.872
108.591
107.87
107.013
107.886
108.539
109.08
108.911
108.709
108.415
108.386
107.999
108.54
108.475
108.894
107.908
107.975
108.441
108.964
107.882
108.432
108.314
108.09
108.534
108.496
109.343
108.693
109.856
108.104
108.626
107.438
108.323
107.876
108.867
108.911
108.773
109.448
108.695
108.15
108.279
109.023
109.091
107.912
109.015
108.34
109.526
108.08
109.465
107.977
109.137
108.209
109.13
108.45
108.77
108.898
109.12
109.24
108.172
108.655
108.123
107.964
107.985
107.923
107.804
108.139
107.473
108.054
107.148
108.039
107.525
107.46
107.161
107.602
107.475
107.842
107.673
107.718
107.314
107.772
106.964
108.33
107.345
108.224
107.279
108.332
107.734
108.151
108.307
107.876
107.885
107.784
107.774
107.485
107.534
108.428
108.012
108.027
108.161
108.331
107.907
107.761
107.843
107.898
108.148
108.201
108.294
108.355
107.898
108.465
107.659
108.388
108.125
108.399
108.518
108.366
108.491
107.805
108.232
107.991
108.191
107.865
107.961
108.164
108.008
108.132
107.417
107.973
107.219
108.333
107.618
108.182
107.827
107.79
107.337
107.337
108.071
107.788
108.079
108.161
107.884
107.875
107.625
108.526
107.525
108.505
107.524
107.99
107.543
108.387
108.445
108.071
108.377
108.181
107.758
107.713
107.514
108.113
107.638
108.559
108.172
108.761
108.25
108.871
108.331
108.56
108.438
108.507
108.316
108.891
109.109
109.448
108.927
109.359
109.037
109.112
108.522
109.738
108.964
109.234
108.733
109.184
108.49
108.961
108.987
109.34
109.115
108.839
109.008
108.344
108.664
108.826
108.929
109.427
108.561
108.96
108.045
108.8
108.706
108.95
108.594
108.595
108.858
108.627
108.622
108.891
108.617
108.86
108.19
108.504
107.816
108.664
108.238
108.875
108.332
108.684
108.526
108.309
108.393
108.429
108.442
107.887
107.966
108.241
108.391
108.676
108.312
108.765
107.764
108.048
107.658
108.134
107.998
108.306
108.455
107.86
108.389
108.296
108.267
107.908
107.744
108.47
107.507
108.491
107.721
108.343
107.844
108.879
108.283
108.114
108.207
108.485
108.083
107.487
108.347
108.697
108.445
108.46
108.881
108.242
107.696
108.003
107.817
107.799
108.47
108.74
108.368
107.756
108.55
108.495
108.466
108.182
108.124
107.551
107.472
107.833
107.826
107.832
108.982
108.408
108.668
107.378
109.038
107.203
107.868
107.568
108.424
107.916
107.767
108.188
107.915
107.655
107.969
108.138
107.841
107.489
108.341
106.702
108.358
107.504
109.639
107.298
108.077
107.005
107.667
107.517
108.58
108.47
107.73
107.542
108.308
107.956
108.517
108.532
109.599
107.222
107.681
107.508
109.023
108.604
108.964
108.272
108.254
107.461
108.287
108.411
109.148
108.855
108.684
107.925
108.058
108.571
108.559
108.627
109.054
108.545
108.45
107.396
108.444
107.805
109.595
108.415
109.971
108.196
108.609
107.543
108.479
108.17
109.332
108.702
108.874
108.053
109.449
108.024
109.977
107.78
109.852
107.361
109.057
107.857
109.231
108.5
109.152
108.611
109.091
108.202
109.042
108.208
109.209
108.724
108.717
107.588
108.075
108.766
109.071
108.7
109.24
109.126
109.227
108.275
108.757
108.481
108.303
108.173
108.848
108.568
108.9
108.653
109.088
108.543
109.219
108.932
109.008
108.668
108.377
108.805
108.099
109.793
109.09
108.969
108.408
108.163
109.05
108.559
110.016
108.856
109.163
108.273
108.491
108.641
109.132
109.676
108.882
108.648
108.565
108.632
108.832
108.844
109.966
108.608
109.279
108.068
109.62
108.29
109.508
108.596
109.456
108.168
109.027
108.559
109.616
108.942
110.533
108.228
108.357
107.795
108.994
108.713
108.849
109.185
108.274
108.401
107.396
108.822
107.804
108.257
107.858
107.606
107.698
107.691
108.636
107.935
108.497
108.498
108.35
107.476
107.917
108.488
108.131
107.608
107.812
107.657
107.817
107.759
108.816
108.175
108.643
107.999
108.208
108.191
108.685
108.546
108.001
107.743
107.676
107.638
108.351
108.426
108.968
107.965
107.931
108.023
107.944
108.072
107.938
108.275
107.838
108.09
108.182
108.091
107.528
107.963
107.944
108.152
108.29
108.004
108.53
108.162
109.098
108.116
108.736
108.07
108.53
108.37
108.512
108.786
108.36
108.965
108.031
109.084
108.355
109.514
108.084
108.925
108.148
108.773
108.344
108.7
107.955
108.57
107.944
108.896
108.274
109.322
108.164
108.689
107.571
108.738
107.842
109.344
108.171
109
108.279
108.943
108.421
108.93
108.246
108.83
107.848
108.848
108.061
109.671
108.189
109.845
108.068
109.767
108.203
109.763
108.558
108.974
108.629
109.051
108.614
108.825
108.737
109.843
108.186
109.64
107.815
109.817
107.826
110.089
108.037
108.96
108.135
108.956
108.696
109.272
108.886
109.371
108.339
108.964
108.339
109.51
108.31
109.039
107.838
109.026
108.185
109.356
108.294
109.207
108.104
108.884
107.794
108.848
108.172
109.238
107.57
108.97
107.603
108.726
107.392
109.011
107.969
109.203
107.81
108.778
107.675
108.52
108.477
109.09
108.199
108.811
107.084
108.651
107.228
109.474
108.18
109.718
108.194
108.762
107.696
108.805
108.372
108.622
107.924
108.028
108.329
108.134
108.215
108.558
108.255
108.54
107.969
108.176
108.103
108.373
107.899
108.296
107.796
109.015
107.809
108.391
107.905
108.408
107.834
107.954
108.897
108.365
108.232
107.691
108.769
107.454
108.584
108.198
108.231
108.092
107.965
108.678
107.621
108.13
107.728
108.089
108.332
108.402
107.705
108.215
107.526
107.969
107.387
108.324
108.338
108.359
107.733
108.343
107.879
108.638
107.258
108.718
107.876
108.902
107.361
108.876
107.511
108.939
108.015
109.09
108.043
108.238
108.058
108.568
108.303
108.825
108.015
108.829
107.801
108.428
108.339
109.489
108.376
108.143
108.299
108.439
107.94
108.587
108.148
108.898
107.639
109.227
107.941
109.598
108.414
108.892
107.97
108.787
107.736
108.778
108.171
110.008
108.551
109.734
108.096
108.83
107.691
109.257
108.68
109.476
108.104
109.177
107.662
109.613
108.197
110.308
108.623
109.753
107.726
108.89
107.479
108.804
107.685
109.377
108.801
109.509
108.178
109.474
107.963
108.752
107.986
109.19
108.249
108.794
108.144
109.129
108.066
109.349
108.056
109.461
108.51
109.194
108.313
109.259
108.502
108.941
108.825
108.739
