20.7
17.9
18.8
14.6
15.8
15.8
15.8
17.4
21.8
20
16.2
13.3
16.7
21.5
25
20.7
20.6
24.8
17.7
15.5
18.2
12.1
14.4
16
16.5
18.7
19.4
17.2
15.5
15.1
15.4
15.3
18.8
21.9
19.9
16.6
16.8
14.6
17.1
25
15
13.7
13.9
18.3
22
22.1
21.2
18.4
16.6
16.1
15.7
16.6
16.5
14.4
14.4
18.5
16.9
17.5
21.2
17.8
18.6
17
16
13.3
14.3
11.4
16.3
16.1
11.8
12.2
14.7
11.8
11.3
10.6
11.7
14.2
11.2
16.9
16.7
8.1
8
8.8
13.4
10.9
13.4
11
15
15.7
14.5
15.8
16.7
16.8
17.5
17.1
18.1
16.6
10
14.9
15.9
13
12.8125
12.6116
12.5187
12.4853
12.4417
12.4751
12.3912
12.3226
12.2618
12.4072
12.4137
12.1989
12.129
12.0215
12.0688
12.0943
11.9706
11.9274
12.0011
11.8891
11.5899
11.4251
11.3269
11.417
11.3127
11.2746
11.3267
11.376
11.3469
11.3386
11.099
10.9789
10.9386
10.6891
10.5994
10.5195
10.5639
10.5258
10.2848
9.8373
9.62769
9.28453
9.10513
9.09273
9.18909
9.45462
9.79616
9.99175
10.1288
10.2218
10.3351
10.4953
10.5583
10.6068
10.5519
10.5989
10.4938
10.4554
10.0459
9.87261
9.70332
9.92905
9.88329
9.84652
9.8904
10.0435
10.0942
9.99836
9.68645
9.40289
9.38977
9.14478
8.83018
8.70143
8.5543
8.34497
8.26819
8.20636
8.32783
8.55057
8.61733
8.68321
8.82206
9.00863
8.96563
8.9262
8.87952
8.93766
8.96302
9.04611
9.17518
9.0745
9.16741
9.36806
9.44607
9.65287
9.78
9.76836
9.99032
10.1292
10.2931
10.5928
10.945
11.2139
11.3686
11.5701
11.6735
11.7847
11.8792
11.9925
11.941
11.6255
11.373
11.1869
11.2792
11.3573
11.4329
11.4386
11.4464
11.4721
11.5109
11.5935
11.5208
11.386
11.2301
11.2689
11.5513
11.8214
12.0146
12.2337
12.224
12.3739
12.5576
12.4874
12.505
12.3224
12.4343
12.1424
12.0914
12.08
12.1091
12.1076
11.9886
12.0223
12.2124
12.4979
12.7226
12.9514
13.1278
13.2156
13.3658
13.7278
14.0168
14.1735
14.3772
14.5878
14.691
14.6292
14.7556
14.8332
14.8949
15.0276
15.0629
14.9011
15.0009
15.0314
15.133
14.9747
14.9426
14.9441
14.982
15.1203
15.2378
15.3731
15.3794
15.4054
15.4288
15.265
15.3649
15.5092
15.6618
15.6606
15.701
15.7323
15.5656
15.4765
15.4336
15.3699
15.2933
15.2876
15.2013
15.0261
15.0122
15.1117
15.1836
15.17
15.1693
15.0462
15.0659
15.1027
15.1769
15.149
15.2452
15.2435
15.2717
15.2817
15.2851
15.4269
15.4725
15.4771
15.4411
15.3601
15.3467
15.3954
15.4243
15.3839
15.3665
15.3572
15.2739
15.2926
15.2492
15.1783
15.1351
15.1871
15.2996
15.303
15.4105
15.4262
15.5815
15.6617
15.5633
15.5568
15.5876
15.726
15.7183
15.7766
15.7064
15.7812
15.7528
15.8052
15.8732
15.7876
15.8881
15.8893
15.9373
15.9963
16.0343
16.025
15.9698
15.9616
15.9919
16.1581
16.2944
16.2737
16.2778
16.1185
16.2182
16.2426
16.2876
16.3823
16.3434
16.5891
16.5385
16.5753
16.5593
16.6491
16.7177
16.6886
16.6301
16.5878
16.6527
16.6699
16.6146
16.6459
16.5907
16.6198
16.6242
16.6556
16.7625
16.7326
16.7523
16.7581
16.7803
16.8244
16.9102
16.9473
16.9447
16.9671
16.9585
16.9597
16.9802
16.9135
16.9101
16.7671
16.7341
16.7105
16.684
16.7399
16.6374
16.6408
16.5765
16.5173
16.51
16.5241
16.5776
16.5998
16.5171
16.4935
16.4773
16.5109
16.5481
16.6193
16.5455
16.4856
16.4738
16.3842
16.3608
16.2072
16.1141
16.0277
15.9561
15.8393
15.7679
15.6821
15.6315
15.4269
15.3323
15.1447
15.052
15.1266
15.233
15.2651
15.3385
15.2255
14.9974
14.8257
14.7592
14.6065
14.5749
14.6325
14.7011
14.7072
14.6769
14.5031
14.4165
14.3625
14.3801
14.3504
14.2296
14.2228
14.2113
14.2939
14.2561
14.1417
14.0438
13.9065
13.7948
13.714
13.5833
13.4536
13.3176
13.2731
13.1358
13.0576
12.9767
13.0316
13.0604
12.9806
13.0205
13.0301
13.0861
12.9927
12.7475
12.6321
12.3797
12.1793
12.0169
11.9693
12.0145
12.0473
12.0301
11.746
11.6439
11.5215
11.475
11.6449
11.5774
11.3929
11.3975
11.502
11.4865
11.3382
11.2103
11.0187
10.7795
10.7146
10.5883
10.5395
10.4736
10.3979
9.98803
9.57649
9.39246
9.6498
10.0197
9.89122
9.71147
9.54554
9.51945
9.48622
9.69225
10.1184
10.2387
10.3724
10.4697
10.5004
10.3693
10.2688
10.2653
9.90592
9.45607
8.84085
8.3512
8.02135
7.84795
7.36803
7.04197
7.02213
7.00447
7.21286
7.24384
7.20371
7.24303
7.21802
7.14615
7.11791
7.159
7.18682
7.13937
7.22156
7.29037
6.85532
6.40021
6.09289
6.16048
6.36426
6.81773
6.66005
6.28552
6.0857
5.94634
5.84384
5.88197
6.03341
6.08402
5.67803
5.40575
5.21049
5.25816
5.37369
5.34305
5.22842
5.22379
5.16455
4.96559
4.99475
4.51958
4.06442
3.81687
3.93857
4.58348
5.08347
5.25476
5.06255
4.81091
4.73734
4.62009
4.77259
5.22382
5.80281
6.26205
6.05075
5.84813
5.75463
5.69423
5.67722
5.68172
6.08097
6.44032
6.88749
7.33283
7.71786
7.90717
8.08385
8.38647
8.20211
8.34933
8.70827
9.08836
9.13844
8.95731
9.32209
9.64341
10.2122
10.5743
10.6555
10.8675
11.1043
11.2747
11.2469
11.6296
12.0321
12.2312
12.5344
12.7462
12.6526
12.8624
12.9196
12.9068
12.7481
12.8733
12.8926
12.9649
12.9173
12.9799
13.2305
13.3798
13.4574
13.3046
13.144
12.9623
12.7932
12.7522
12.7612
12.7418
12.9723
13.1463
13.0465
12.7867
12.7948
12.7316
12.8333
12.9929
12.8562
12.9177
13.0744
13.1466
13.0884
13.1968
13.0644
13.1405
13.2378
13.4127
13.3291
13.4398
13.5038
13.359
13.3393
13.4195
13.3758
13.3907
13.5159
13.4572
13.5677
13.6917
13.7767
13.9264
14.0708
14.2937
14.2301
14.258
14.2322
14.26
14.3912
14.4183
14.4924
14.5532
14.6646
14.6414
14.7498
14.8178
14.8913
14.9783
15.0214
15.1404
15.262
15.2828
15.148
15.0473
15.2626
15.4359
15.3475
15.4084
15.403
15.5317
15.6261
15.5577
15.6378
15.8348
15.9895
16.0103
15.9987
16.0015
16.0596
16.027
15.9748
16.0413
15.9594
16.0267
16.0922
16.0518
16.0391
16.0777
16.1295
16.1995
16.2322
16.3047
16.3545
16.3014
16.2944
16.229
16.1904
16.191
16.2522
16.2553
16.3042
16.2755
16.2471
16.3087
16.4032
16.4598
16.5411
16.6345
16.5778
16.47
16.403
16.3006
16.23
16.2357
16.2449
16.2678
16.2018
16.1046
16.0409
15.9088
15.8621
15.8666
15.7682
15.7527
15.8272
15.7941
15.8723
15.7463
15.7447
15.7788
15.6291
15.6911
15.5583
15.5368
15.4623
15.4047
15.33
15.3846
15.4743
15.4851
15.5693
15.544
15.5895
15.6633
15.7244
15.7613
15.7733
15.8098
15.86
15.7673
15.8027
15.8681
15.9145
15.9596
15.9512
15.9414
15.8951
15.9378
16.0401
16.1507
16.0922
16.1081
16.2427
16.3642
16.4019
16.4157
16.4665
16.5135
16.5699
16.663
16.6524
16.6879
16.7424
16.6907
16.5644
16.4881
16.5352
16.5538
16.558
16.4791
16.3634
16.2777
16.2763
16.2471
16.2085
16.2448
16.2447
16.2095
16.1433
15.9368
15.7983
15.7306
15.5492
15.4213
15.3221
15.2475
15.1599
15.0592
14.8055
14.5963
14.4321
14.2029
13.9356
13.5739
13.3678
13.3893
13.3813
13.2477
13.0729
13.0114
12.9107
12.5304
12.2128
11.8635
11.6785
11.4523
11.3465
11.3574
11.4266
11.4749
11.3747
11.3401
11.3218
11.1215
11.0069
10.9535
10.9208
10.878
10.9035
10.9605
10.8205
10.8189
10.7907
10.8838
10.8303
10.8717
10.9078
10.6809
10.6494
10.722
10.7423
10.5943
10.34
10.1932
10.1757
10.0409
9.91625
9.73163
9.54168
9.55429
9.6998
9.58073
9.63284
9.70204
9.69221
9.63355
9.57689
9.58354
9.67454
9.523
9.42833
9.23875
9.20195
9.39479
9.42794
9.50842
9.65106
9.57902
9.62818
9.73697
9.70468
9.95007
10.0314
9.8392
9.47476
9.19239
9.35392
9.57735
9.55122
9.36769
9.34278
9.2612
9.06444
9.05974
9.12954
9.00315
8.98402
9.15493
9.32749
9.37266
9.28469
9.35271
9.35102
9.28261
9.31681
9.42216
9.19585
9.11207
8.94866
8.84045
8.91515
8.79927
8.80955
8.63554
8.55336
8.75917
8.78291
8.47159
8.34611
8.39447
7.86753
7.3535
7.31013
7.58775
7.84702
8.0773
8.21003
8.53635
8.88663
9.22132
9.31583
9.38007
9.3604
9.3668
9.57549
9.74799
9.98468
10.4864
10.9729
11.1022
11.0062
11.2273
11.561
11.9664
12.1542
12.2732
12.2002
12.085
12.2875
12.7341
12.9394
13.0212
13.1666
13.1827
13.3137
13.2687
13.387
13.5672
13.6525
13.8953
14.0426
14.2516
14.1936
14.3868
14.4702
14.5814
14.5895
14.7256
14.8937
14.9732
14.812
14.7011
14.5855
14.2517
13.9932
14.1121
14.1902
14.296
14.3229
14.3833
14.4435
14.6052
14.6257
14.5384
14.2275
14.2518
14.337
14.4085
14.4575
14.3931
14.5189
14.4681
14.5138
14.5381
14.3765
14.1701
13.9724
13.8208
13.8003
13.7839
13.9311
14.1297
14.2021
14.2115
14.1735
14.3717
14.4618
14.5711
14.4875
14.4927
14.3413
14.2069
14.2527
14.3882
14.5138
14.5868
14.6791
14.7925
14.6726
14.6791
14.8254
14.9576
15.0371
15.0934
15.0714
14.9587
15.1109
15.1922
15.1818
14.9741
14.9084
14.9818
15.0701
15.1539
15.2872
15.2074
15.0129
14.9312
14.8331
14.8235
14.8075
14.8905
15.0759
15.3009
15.3207
15.4021
15.4829
15.615
15.642
15.7122
15.6951
15.6239
15.6878
15.7836
15.7213
15.789
15.8532
15.8673
15.9156
15.9117
16.0023
16.0353
16.0292
15.8365
15.9962
16.0236
16.1248
16.1475
16.2373
16.3481
16.3629
16.3401
16.3623
16.3972
16.3668
16.3733
16.3792
16.3251
16.3323
16.4408
16.5172
16.6452
16.6159
16.6757
16.6508
16.5595
16.575
16.527
16.4562
16.3859
16.4716
16.4144
16.382
16.3966
16.4937
16.491
16.5629
16.5096
16.4685
16.4341
16.3985
16.3921
16.3426
16.1962
16.111
16.1796
16.1928
16.0276
15.8613
15.8063
15.7357
15.6483
15.6255
15.5246
15.4473
15.4857
15.4738
15.4386
15.4644
15.4522
15.5125
15.4785
15.4779
15.4762
15.3941
15.4132
15.3347
15.3669
15.362
15.3218
15.2867
15.3344
15.4341
15.353
15.3866
15.2964
15.3599
15.2702
15.2829
15.2159
15.1478
15.0642
14.8463
14.7659
14.7694
14.7893
14.8519
14.8901
14.9142
14.8187
14.8164
14.7462
14.7388
14.7229
14.5518
14.4934
14.377
14.3965
14.387
14.3545
14.3549
14.3357
14.3554
14.3294
14.3864
14.2865
14.137
13.8944
13.6874
13.8174
13.9731
13.8898
13.8101
13.7134
13.6588
13.4566
13.3106
13.2816
13.2574
13.2987
13.2384
13.1938
13.1762
13.2267
13.2847
13.2064
13.1979
13.1097
13.1977
13.1432
13.1477
13.1059
12.9872
13.0718
12.9981
13.0189
13.092
12.9882
12.9617
12.9198
12.6721
12.6104
12.6842
12.823
12.718
12.5013
12.0918
11.6423
11.421
11.1787
11.0865
10.9976
11.0296
10.7764
10.5563
10.3626
10.1542
10.0795
10.0315
10.0329
10.0198
10.0683
10.2821
10.2902
10.2898
10.189
10.1561
10.2507
10.1565
10.1412
10.2498
10.4126
10.4428
10.4522
10.6279
10.8331
10.8417
10.8166
10.9611
10.9509
11.0124
10.8519
10.6041
10.5457
10.2003
10.0283
10.2634
10.44
10.3282
10.1703
10.381
10.1631
9.95166
9.95125
9.9916
10.0854
10.2129
10.3349
10.3843
10.4853
10.6956
10.8113
10.8593
10.939
10.7852
10.4342
10.1399
9.70093
9.32599
9.58124
9.67859
9.69072
9.82751
9.98344
10.0448
9.43412
8.94845
8.56472
8.65423
8.6534
8.76061
8.69782
8.61494
8.54606
8.62703
8.74687
8.8836
8.79773
8.8705
8.96726
9.21843
9.46592
9.68319
10.0966
10.3167
10.5654
10.7919
10.987
11.1165
11.3436
11.5928
11.7389
11.9674
12.247
12.3711
12.5281
12.5685
12.677
12.5492
12.5527
12.6854
12.7903
13.0211
13.1555
13.2266
13.1133
13.2043
13.2185
13.3422
13.3822
13.3145
13.4102
13.3864
13.383
13.5312
13.6259
13.8352
13.847
13.9458
13.839
13.9256
14.0454
13.9361
13.9942
14.1165
14.1045
14.148
14.0776
14.1489
14.1999
14.2899
14.3209
14.2269
14.3302
14.3862
14.3673
14.2499
14.3403
14.2672
14.213
14.4716
14.3626
14.3365
14.269
13.976
13.9747
13.9741
14.127
14.1508
14.0775
14.0638
14.1688
14.3433
14.4117
14.3874
14.4572
14.5434
14.6233
14.6743
14.4978
14.2006
14.0952
14.1658
14.1389
14.1088
14.1359
14.3865
14.591
14.6406
14.5643
14.5959
14.8204
14.8729
14.9389
14.862
