6.4
6.3
7.5
8.5
9.4
12.3
13.1
13.2
11.8
9.4
9.5
5.8
7.3
6.6
9.2
8.4
10.5
12.4
13
11.7
11.9
10.2
7.2
6.9
7.3
7.6
7.5
11
11.2
12.4
13.2
12.6
12
10.9
9
7.4
7.3
6.4
8.4
10.5
12.7
13.4
14.1
13.2
13.1
12.6
11.1
7
7.9
5.8
8.4
9.3
10.3
12.3
11.7
11.1
10.7
9.7
8.1
4.4
5.87976
6.37851
7.86615
9.55991
11.2128
12.4528
12.6166
11.9503
10.5012
8.65802
7.1395
6.04197
5.93975
6.49004
8.06044
9.85729
11.5434
12.7361
12.8756
12.2377
10.6875
8.95255
7.21107
6.32023
6.07638
6.59209
7.9618
9.61987
11.22
12.234
12.3089
11.7853
10.5135
8.90394
7.18853
6.12517
5.74955
6.31084
7.90199
9.59725
11.2942
12.4787
12.5793
12.0377
10.6413
8.93365
7.08226
6.12387
5.99188
6.54793
8.21545
9.8756
11.574
12.6717
12.8478
12.0737
10.6468
8.93445
7.12906
6.11299
5.98122
6.73019
8.11879
9.745
11.3708
12.3909
12.6518
11.8399
10.4772
8.6923
6.9106
5.87733
5.54671
6.46237
7.88399
9.70402
11.2997
12.1977
12.6292
11.8282
10.527
8.79991
7.12034
6.22574
6.1277
6.7132
8.03715
9.96348
11.715
13.0583
13.3295
12.3616
10.6945
8.74215
6.98623
5.68129
5.57902
6.4784
7.81372
9.71977
11.4225
12.3995
12.8405
12.0451
10.4235
8.64955
6.92672
5.95478
5.74875
6.48401
7.83039
9.72446
11.3744
12.6149
12.9726
12.1409
10.9425
8.86991
7.26657
5.97117
5.7035
6.51788
7.73177
9.80731
11.5423
12.5616
12.8701
12.175
10.5921
8.78597
7.24888
6.05628
5.73183
6.41649
7.8403
9.4762
11.2693
12.4638
12.7802
12.1515
10.721
8.71387
6.88663
5.66924
5.22015
6.31755
7.76714
9.69264
11.4627
12.6398
13.1015
12.2568
10.7869
9.04111
7.23678
6.15708
5.74186
6.54901
8.00119
9.90912
11.495
12.4823
12.8007
12.0665
10.6237
8.92034
7.24538
6.018
5.78825
6.43037
7.70368
9.49613
11.1387
12.1527
12.6062
11.9749
10.6364
8.88801
7.20028
6.22159
6.00155
6.50401
8.11765
9.88941
11.3836
12.5687
12.897
12.1584
10.8962
9.09113
7.33133
6.25216
6.04034
6.59888
7.90487
9.70266
11.1843
12.2422
12.452
11.6639
10.58
8.92331
7.2764
6.26073
5.88848
6.53373
7.66701
9.45358
10.8498
12.0668
12.4761
11.9053
10.6882
8.93393
7.5009
6.30986
6.14059
6.73019
8.0213
9.85961
11.2478
12.2747
12.5832
12.1111
10.8642
9.1924
7.72506
6.43931
6.26516
6.56927
7.79635
9.52605
10.9882
12.0228
12.4079
11.8571
10.5093
8.86221
7.2198
6.10274
5.99624
6.55694
7.74838
9.54086
11.1402
12.2365
12.3985
11.9558
10.6556
9.18166
7.46214
6.42075
6.26238
6.84797
8.10324
9.75907
11.5449
12.5598
12.672
12.0414
10.5818
8.92018
7.23931
5.93267
5.83443
6.52744
8.05199
9.62812
11.2946
12.3584
12.5197
11.8092
10.2986
8.63984
7.13369
6.18373
5.93799
6.60952
8.0341
9.79152
11.4382
12.5699
12.9912
12.2279
10.6378
8.94068
7.20971
6.01169
5.59327
6.41323
7.9516
9.90194
11.6198
12.8357
13.1602
12.4032
10.7437
8.70232
6.91071
5.75249
5.61041
6.31524
7.97244
9.78925
11.5778
12.7651
12.9046
12.241
10.7666
8.86663
7.0243
5.98001
5.77958
6.36306
7.73491
9.65361
11.2986
12.5187
12.7876
11.9757
10.4864
8.76715
7.03614
5.95567
5.67783
6.48006
7.92234
9.73638
11.3842
12.412
12.8251
12.2071
10.9275
9.10032
7.40388
6.31491
5.84744
6.55764
7.80437
9.53304
11.2256
12.0968
12.4392
11.6922
10.4797
8.82596
7.29264
6.23541
6.01587
6.46116
7.82713
9.43509
10.9022
12.1022
12.2489
11.6586
10.461
8.90476
7.43428
6.45805
6.31208
6.79973
8.11032
9.74019
11.1769
12.1855
12.4824
11.8722
10.7651
9.20551
7.45579
6.47072
6.15095
6.73622
8.07043
9.81616
11.2861
12.27
12.4682
11.7706
10.468
8.86767
7.31069
6.20675
6.09853
6.54474
8.05197
9.75999
11.4119
12.5034
12.7015
12.0336
10.5621
9.06775
7.33553
6.26776
6.08707
6.6434
8.2023
9.95045
11.3458
12.3019
12.7109
12.0847
10.4516
8.72738
6.91722
5.99176
5.91565
6.32705
7.7411
9.56664
11.2662
12.6337
12.7491
12.0881
10.7773
9.04846
7.31656
6.18416
5.88221
6.49473
7.74429
9.53475
11.3132
12.4048
12.8173
12.2677
10.9407
8.96051
7.19043
5.97552
5.64179
6.29004
7.54763
9.27033
11.0411
12.4797
12.8815
12.2887
10.995
9.1806
7.45405
6.03733
5.6086
6.16269
7.48264
9.43594
11.3136
12.6034
13.1692
12.6295
11.2217
9.43451
7.39217
5.93946
5.50498
6.05737
7.46415
9.30723
11.1427
12.6646
13.3164
12.7102
11.2025
9.0363
7.05485
5.57727
5.18567
5.6811
7.2367
9.28568
11.1935
12.678
13.3649
12.881
11.3743
9.49591
7.41132
6.00491
5.58167
5.9722
7.45918
9.40088
11.0972
12.5218
13.0258
12.3676
11.001
9.15288
7.09771
5.76298
5.26854
5.82386
7.11032
9.03208
10.9485
12.5244
13.1232
12.6685
11.3337
9.38601
7.55015
6.23207
5.88549
6.07802
7.52513
9.56024
11.3282
12.789
13.1871
12.5442
10.9663
8.88488
7.00615
5.4431
5.15076
5.81303
7.33512
9.43613
11.4735
12.7924
13.1453
12.4116
10.7502
9.08343
7.20549
5.90668
5.67121
6.28983
7.86655
9.82866
11.5003
12.7627
13.1848
12.4958
10.8548
8.86629
6.98239
5.72442
5.36133
6.0287
7.46639
9.44102
11.4219
12.7027
12.9771
12.3557
10.797
8.92779
7.01027
5.7414
5.4531
6.09424
7.66942
9.81296
11.6877
12.8465
13.1529
12.5099
10.9762
8.83181
7.0034
5.56654
5.27201
6.22307
7.83184
9.82166
11.5152
12.7134
12.9755
12.1509
10.7129
8.77493
6.97687
5.76635
5.66806
6.30809
7.77835
9.65859
11.3816
12.69
13.0061
12.3044
10.8252
9.09014
7.07532
5.88563
5.67506
6.46336
7.92736
9.76635
11.3479
12.5647
13.04
12.2672
10.7075
8.92503
7.11701
5.90098
5.61135
6.28908
7.76998
9.63887
11.3106
12.6619
13.0009
12.3194
10.9035
9.0132
7.2214
5.89164
5.62753
6.15041
7.58492
9.68798
11.5381
12.5746
13.0786
12.3329
10.748
8.91991
7.22268
5.93813
5.73139
6.22854
7.48574
9.47465
11.2307
12.5787
13.0186
12.3756
10.9187
9.00269
7.26762
5.8976
5.67418
6.32802
7.56686
9.64355
11.4879
12.5679
13.0358
12.4963
10.9032
9.15169
7.4726
6.1396
5.72535
6.29363
7.58111
9.44325
11.0874
12.4285
12.7216
12.1678
10.994
9.15792
7.42112
6.04942
5.48157
6.3051
7.46286
9.35827
11.1133
12.1904
12.6062
12.1961
10.996
9.02212
7.42387
6.26485
5.80656
6.43653
7.61866
9.22685
10.925
12.2551
12.6795
12.0573
10.979
8.98031
7.48857
6.20056
5.86632
6.5984
7.81667
9.49815
11.125
12.158
12.4628
12.0372
10.9523
9.0928
7.40629
6.30853
5.89262
6.59499
7.96059
9.4682
11.1104
12.4228
12.6096
11.9534
10.7239
8.93833
7.22032
6.31699
5.76845
6.41945
7.84414
9.54456
11.3507
12.6298
12.9268
12.2407
10.7689
8.88995
7.26964
6.23599
5.88586
6.48957
8.04317
9.73022
11.4858
12.8296
12.9791
12.2981
10.7675
8.80424
7.07694
5.74295
5.52418
6.1901
7.83073
9.64586
11.3101
12.4525
12.7047
12.0128
10.5977
8.86144
7.10016
6.02386
5.77423
6.31051
7.8286
9.67696
11.4235
12.775
12.9732
12.3177
10.9556
9.02599
7.15281
5.99578
5.52948
6.24807
7.77602
9.72369
11.324
12.6195
13.0497
12.3157
10.7905
8.79283
6.94804
5.67791
5.31746
5.963
7.68681
9.6678
11.653
13.0388
13.1693
12.4022
10.9926
8.92386
6.97927
5.75438
5.57765
6.14896
7.97935
9.86294
11.7523
12.9476
13.2301
12.6305
10.9252
9.00751
6.99842
5.7793
5.44451
6.11464
7.55813
9.45924
11.3715
12.6617
12.8375
12.1867
10.7654
8.942
6.96534
5.74101
5.43081
5.99873
7.70846
9.78156
11.4988
12.747
13.2723
12.6035
10.9979
9.15392
7.27493
5.97258
5.56211
6.23127
7.49253
9.25275
11.2133
12.364
12.8122
12.1423
10.9497
8.81088
7.16571
5.94649
5.64252
6.3462
7.55958
9.453
10.9962
12.2684
12.8145
12.4222
11.0798
9.17692
7.65062
6.36713
5.73858
6.34733
7.59758
9.34456
11.2334
12.5028
12.7894
12.2423
10.9702
9.24323
7.46674
6.27667
5.86882
6.45513
7.61688
9.40778
11.1332
12.3438
12.8764
12.2986
11.0817
9.27917
7.57976
6.3351
5.82901
6.23505
7.75658
9.102
10.7767
12.0987
12.3738
12.13
10.8629
9.29774
7.55477
6.38414
5.82147
6.39343
7.80649
9.55768
11.2686
12.3132
12.7055
12.2342
10.8178
9.13827
7.46002
6.34279
5.85768
6.42738
7.72151
9.5457
10.9347
12.1184
12.39
11.8926
10.6346
8.83504
7.35662
6.20752
6.15432
6.5653
7.95417
9.63543
11.2669
12.3293
12.5345
12.0299
10.6863
9.02257
7.37648
6.26049
6.07527
6.5421
7.88879
9.65114
11.2005
12.2113
12.5354
11.9097
10.6176
9.05766
7.34036
6.31331
5.96799
6.66936
7.8319
9.51647
11.2696
12.4921
12.8195
12.264
10.9167
9.09479
7.32774
6.27776
5.92792
6.47357
7.66332
9.29422
11.1332
12.1786
12.4342
11.9645
10.5502
8.94207
7.43497
6.14842
5.7815
6.50842
7.94586
9.59855
11.2734
12.553
13.0175
12.3116
10.9822
9.03214
7.43758
6.23785
6.03344
6.4484
7.60996
9.36091
11.0598
12.333
12.5769
11.9869
10.5587
8.76699
7.17111
5.95288
5.70075
6.23026
7.5507
9.49348
11.2832
12.6224
13.062
12.473
11.0127
9.29269
7.39863
6.20738
5.66263
6.21873
7.6591
9.57737
11.4335
12.6754
12.8304
12.2287
10.8598
8.81056
7.07984
5.84788
5.44706
6.16776
7.68151
9.51291
11.3269
12.7243
12.9163
12.3116
11.0215
9.02548
7.22257
5.90331
5.57673
6.23488
7.84875
9.57835
11.354
12.6151
12.8681
12.2884
10.9127
8.84728
7.02189
5.69883
5.43556
6.27522
7.88574
9.74638
11.6045
12.9711
13.2085
12.4884
10.8925
8.82553
7.09328
5.8565
5.68032
6.36377
8.03085
9.78706
11.3361
12.662
12.9169
12.267
10.6765
8.93239
6.93407
5.71197
5.40344
6.03714
7.73225
9.52538
11.3112
12.6905
12.9723
12.294
10.6573
8.74923
6.72549
5.68105
5.38545
6.23319
7.91856
9.96571
11.8267
13.2062
13.5376
12.5503
10.988
8.98677
7.18611
5.82976
5.40978
6.04176
7.65866
9.73809
11.485
12.7114
12.9881
12.1286
10.7967
8.5508
6.60286
5.36602
5.17525
6.01425
7.66302
9.93691
11.7598
12.9909
13.4427
12.5363
11.0563
8.9406
7.181
5.88517
5.41897
6.28566
7.79108
9.88675
11.6784
12.8002
12.9924
12.2886
10.7457
8.71285
6.88405
5.73377
5.48418
6.1388
7.5611
9.60693
11.3524
12.5803
12.8356
12.0532
10.6235
8.97438
7.18953
6.12218
5.89834
6.3915
7.70793
9.54391
11.129
12.4195
12.7425
12.3065
10.9001
9.10438
7.37317
6.1523
5.85277
6.29376
7.64285
9.55785
11.2605
12.2354
12.561
11.9551
10.5765
8.95948
7.39114
6.27818
6.00572
6.54984
7.8656
9.29721
11.0612
12.2009
12.4358
11.9748
10.7316
9.17097
7.67153
6.56606
6.31503
6.89512
8.07842
9.53691
11.0023
12.0424
12.4863
12.0241
10.8118
9.1812
7.54181
6.46177
6.08557
6.60558
7.75082
9.36385
10.9678
11.8899
12.2252
11.8066
10.572
8.89737
7.41202
6.19284
5.78985
6.53298
7.81887
9.34542
11.0391
12.2596
12.749
12.2826
10.9569
9.12479
7.60867
6.41946
6.03858
6.5433
7.89811
9.57311
11.0795
12.1899
12.4768
12.0845
10.7979
9.11898
7.28018
6.21321
6.02938
6.45034
7.72882
9.3166
11.0654
12.2123
12.5508
12.0374
10.5819
9.21362
7.64495
6.62351
6.217
6.65499
7.91646
9.49577
11.2779
12.3263
12.648
12.1044
10.854
8.97585
7.14413
6.04261
5.65071
6.45213
7.90939
9.64019
11.1606
12.4329
12.6352
11.9122
10.7005
8.99997
7.29704
6.09846
5.90404
6.58789
7.98498
9.88262
11.3804
12.509
12.6282
11.8998
10.5578
9.03638
7.4772
6.39694
6.00791
6.75953
7.98227
9.65334
11.1638
12.0003
12.4559
11.7585
10.3923
8.61521
7.1317
6.25345
6.04118
6.73409
8.10306
9.64071
11.3225
12.2635
12.4442
11.9968
10.7529
8.88247
7.69297
6.42947
6.27605
6.85946
8.16723
9.78961
11.3206
12.1637
12.2575
11.5967
10.2592
8.72576
7.26964
6.28968
6.14039
6.76786
7.94201
9.59025
11.2751
12.3327
12.294
11.6981
10.298
8.79939
7.46222
6.5345
6.28818
6.89794
8.05423
9.65393
