6.4
6.3
7.5
8.5
9.4
12.3
13.1
13.2
11.8
9.4
9.5
5.8
7.3
6.6
9.2
8.4
10.5
12.4
13
11.7
11.9
10.2
7.2
6.9
7.3
7.6
7.5
11
11.2
12.4
13.2
12.6
12
10.9
9
7.4
7.3
6.4
8.4
10.5
12.7
13.4
14.1
13.2
13.1
12.6
11.1
7
7.9
5.8
8.4
9.3
10.3
12.3
11.7
11.1
10.7
9.7
8.1
4.4
4.87783
5.37348
6.86248
8.55679
10.2121
11.456
11.6214
10.9563
9.50701
7.6613
6.14119
5.0407
4.93703
5.48528
7.05733
8.85567
10.5443
11.7412
11.8823
11.2466
9.69492
7.9592
6.21421
5.32254
5.07658
5.58975
6.95985
8.61852
10.2218
11.2381
11.3137
10.7922
9.52051
7.91039
6.19124
5.12603
4.74719
5.30644
6.89905
8.59493
10.2947
11.4828
11.5839
11.0446
9.64777
7.93943
6.08361
5.12357
4.98933
5.54277
7.21221
8.87223
10.5739
11.6748
11.8538
11.0807
9.65383
7.94092
6.13178
5.11363
4.97985
5.72876
7.11699
8.7444
10.3727
11.3952
11.659
10.8471
9.48467
7.6979
5.91225
4.87648
4.54194
5.45837
6.88051
8.70276
10.3007
11.1995
11.6358
10.8346
9.53397
7.80538
6.12285
5.22685
5.12704
5.71067
7.03271
8.96118
10.7151
12.0632
12.3375
11.3691
9.70146
7.74749
5.98935
4.67926
4.57551
5.47568
6.8096
8.71758
10.4228
11.401
11.8469
11.0525
9.42949
7.65468
5.92888
4.95532
4.74741
5.48167
6.82729
8.72383
10.3754
11.6191
11.9801
11.1483
9.95263
7.876
6.271
4.97142
4.70135
5.51576
6.72772
8.80659
10.5446
11.5658
11.8778
11.1841
9.59949
7.79184
6.25349
5.05707
4.7301
5.41332
6.83721
8.47354
10.2691
11.4661
11.7848
11.1576
9.72759
7.71768
5.88718
4.66707
4.21381
5.31311
6.76171
8.68949
10.4619
11.6419
12.1079
11.263
9.79315
8.04716
6.23961
5.15816
4.73932
5.5463
6.99873
8.9091
10.4964
11.4852
11.8068
11.0736
9.63074
7.92675
6.24934
5.01854
4.78654
5.42727
6.69937
8.49393
10.1389
11.1553
11.6131
10.9828
9.64451
7.89399
6.20327
5.2224
5.00054
5.50006
7.11544
8.88902
10.3839
11.5726
11.9042
11.1663
9.90567
8.09848
6.33493
5.25314
5.03941
5.59599
6.90142
8.70239
10.186
11.2468
11.458
10.6692
9.58709
7.92855
6.27816
5.26018
4.88531
5.53031
6.66284
8.45215
9.84903
11.0698
11.4817
10.9116
9.69443
7.93739
6.50391
5.30875
5.13867
5.72725
7.01868
8.86019
10.2489
11.278
11.5888
11.1187
9.87187
8.19894
6.73124
5.44065
5.26626
5.56688
6.79366
8.52533
9.98865
11.0254
11.4136
10.8642
9.51555
7.86746
6.22169
5.10188
4.99471
5.55376
6.74415
8.53902
10.1406
11.2399
11.4029
10.9629
9.66219
8.18868
6.46513
5.42142
5.26198
5.84534
7.10016
8.75622
10.5467
11.5638
11.6772
11.0483
9.58841
7.9263
6.24261
4.93077
4.83131
5.52347
7.04925
8.62594
10.2952
11.3623
11.5258
10.8164
9.30418
7.64411
6.13592
5.18416
4.9355
5.60613
7.03117
8.7903
10.4389
11.573
11.9984
11.2358
9.64425
7.94704
6.21284
5.01228
4.58994
5.40919
6.94771
8.89982
10.6198
11.8389
12.1666
11.4113
9.75114
7.70735
5.91318
4.75221
4.60937
5.3122
6.97061
8.78854
10.5797
11.7701
11.911
11.2499
9.77561
7.87415
6.02795
4.98197
4.77886
5.36045
6.73106
8.65253
10.299
11.5228
11.7945
10.9828
9.49307
7.77315
6.03885
4.95571
4.67509
5.47677
6.91939
8.73527
10.3854
11.4153
11.8321
11.2156
9.93679
8.10736
6.40766
5.31663
4.84542
5.55527
6.80147
8.53174
10.2278
11.1
11.4456
10.6982
9.48617
7.83076
6.2953
5.23483
5.01382
5.45655
6.82357
8.43278
9.90126
11.1061
11.254
10.6644
9.46629
7.90828
6.43579
5.4572
5.31044
5.79539
7.10625
8.73784
10.1761
11.187
11.4862
10.8769
9.77185
8.21156
6.4575
5.47076
5.14891
5.73246
7.06719
8.81462
10.2863
11.2729
11.4732
10.7761
9.47356
7.87233
6.31364
5.20683
5.09777
5.54094
7.04967
8.7591
10.4147
11.5097
11.7099
11.0432
9.57049
8.07686
6.34087
5.26974
5.08667
5.64112
7.2016
8.95135
10.347
11.3045
11.718
11.0935
9.45782
7.73229
5.91767
4.9913
4.91477
5.32216
6.73593
8.56362
10.2656
11.6386
11.7544
11.0943
9.784
8.054
6.31891
5.18384
4.8794
5.49116
6.74025
8.53185
10.3131
11.4067
11.8224
11.2746
9.94817
7.96494
6.19246
4.97493
4.63938
5.28747
6.5436
8.26747
10.0407
11.4837
11.8876
11.2952
10.0017
8.18654
6.45838
5.03756
4.60689
5.15956
6.47936
8.43518
10.3154
11.6074
12.1766
11.6381
10.2303
8.44272
6.3965
4.94016
4.50371
5.05391
6.46084
8.30468
10.1412
11.6667
12.3223
11.7169
10.2096
8.04048
6.05705
4.57613
4.1829
4.67622
6.23236
8.28284
10.1927
11.6805
12.3716
11.89
10.3831
8.50453
6.41621
5.00663
4.58164
4.96923
6.45615
8.3996
10.0964
11.5244
12.0312
11.3734
10.0075
8.15871
6.09941
4.76227
4.26524
4.81862
6.1044
8.02801
9.94699
11.5274
12.1296
11.6772
10.3431
8.39303
6.55527
5.23399
4.88602
5.07425
6.52186
8.55888
10.3275
11.792
12.1923
11.5508
9.97255
7.88879
6.00798
4.44003
4.14667
4.8081
6.32944
8.43266
10.4742
11.7964
12.1521
11.4196
9.93015
8.38808
6.49625
5.24116
5.07974
5.56685
6.80454
8.25785
9.43575
10.7723
11.2777
11.2585
10.3421
9.15005
7.38929
6.02702
5.08503
5.2352
6.02193
7.33193
8.78532
9.92408
10.6934
10.5699
9.56458
8.2947
6.76495
5.69341
5.15033
5.25151
6.14275
7.73242
9.43975
10.6943
11.4087
11.1911
10.5107
9.03148
7.90375
6.26505
5.67433
6.04069
6.95018
8.2012
9.17476
9.98675
10.6994
10.4942
9.5229
8.01827
6.6014
5.64349
5.55252
5.51542
6.22242
7.72855
9.12503
10.359
10.8282
10.5911
9.929
8.90486
7.45812
6.44307
5.89935
6.12263
6.92464
8.76504
10.3471
11.5675
12.0473
11.2751
9.71457
7.93142
6.12048
4.90104
4.609
5.28551
6.76635
8.63727
10.3104
11.6655
12.0071
11.3268
9.91173
8.01948
6.22492
4.89151
4.62563
5.14605
6.57998
8.68632
10.5396
11.5773
12.0858
11.3406
9.75435
7.92489
6.22561
4.93781
4.7301
5.22495
6.48049
8.47202
10.2297
11.5814
12.0244
11.3827
9.9263
8.00797
6.27095
4.89682
4.67202
5.3253
6.56269
8.64263
10.49
11.5715
12.0431
11.5058
9.91101
8.15855
6.47735
5.14148
4.72473
5.29206
6.57825
8.44277
10.0883
11.4335
11.7279
11.1751
10.003
8.16532
6.42635
4.75956
4.0265
5.00362
6.27447
8.41225
10.3786
11.6228
11.8664
11.2882
10.1321
8.22735
6.28241
4.9785
4.11927
4.26704
5.53307
7.51339
9.55798
11.509
12.3853
12.1429
11.0229
8.95333
7.26558
5.50911
4.83429
5.47051
6.57602
8.2376
10.0455
11.308
12.1856
11.7191
10.5788
8.48751
6.23741
4.79597
3.84404
4.27735
5.71018
7.20074
9.3542
10.8537
11.5148
11.3245
10.4551
8.69155
6.85459
5.65198
4.60789
5.21797
6.48715
8.28028
10.5384
11.8984
12.7379
12.1104
10.4291
8.45113
6.22813
5.27579
4.8736
4.94458
6.00382
7.40944
9.36573
10.8851
11.4463
11.3064
9.77576
7.81
6.0803
4.74183
4.52124
5.18506
6.8273
8.64364
10.3098
11.455
11.7096
11.0191
9.60411
7.86697
6.10257
5.02463
4.77274
5.30592
6.82499
8.67508
10.4238
11.7796
11.9789
11.3252
9.96397
8.03231
6.15591
4.9962
4.52583
5.24383
6.77255
8.72169
10.3228
11.6219
12.0559
11.3228
9.79705
7.7969
5.94973
4.67705
4.31405
4.95687
6.68196
8.66433
10.6531
12.0427
12.1744
11.4084
10.0006
7.9296
5.98195
4.75436
4.57593
5.14449
6.97773
8.86161
10.754
11.9526
12.2376
11.6407
9.93355
8.01486
6.0021
4.78087
4.44285
5.11155
6.55399
8.45627
10.372
11.6652
11.8424
11.1934
9.77331
7.9495
5.96883
4.7412
4.4284
4.99423
6.70519
8.78062
10.4996
11.7504
12.2801
11.6124
10.0058
8.16093
6.27863
4.97311
4.55962
5.227
6.4873
8.24818
10.2131
11.3656
11.8171
11.1477
9.95725
7.81351
6.16706
4.94471
4.63828
5.34273
6.55527
8.45135
9.99506
11.2707
11.82
11.4302
10.0872
8.18111
6.6547
5.36786
4.7356
5.34362
6.59304
8.34118
10.2342
11.5062
11.7944
11.249
9.97787
8.25006
6.47071
5.27826
4.86884
5.45415
6.61455
8.40722
10.1349
11.3481
11.884
11.3066
10.0906
8.286
6.58469
5.33722
4.8279
5.23155
6.75571
8.09935
9.77632
11.1021
11.3778
11.1375
9.86974
8.30445
6.55826
5.38555
4.81866
5.39014
6.80337
8.55649
10.2705
11.3165
11.7111
11.242
9.82444
8.14432
6.46318
5.34368
4.85517
5.42332
6.71745
8.54427
9.9336
11.1208
11.3944
10.8991
9.64148
7.8392
6.3597
5.20728
5.15438
5.56279
6.95227
8.63473
10.269
11.3343
11.5408
11.038
9.6935
8.02874
6.37985
5.26088
5.07408
5.5386
6.88487
8.64977
10.2009
11.2138
11.5404
10.9158
9.62429
8.06469
6.34341
5.31458
4.9665
5.66777
6.82911
8.51475
10.2711
11.4969
11.8265
11.2727
9.92519
8.10101
6.33041
5.2786
4.92573
5.47026
6.65944
8.29129
10.1342
11.1815
11.4387
10.9711
9.55589
7.94716
6.43896
5.1479
4.77879
5.50605
6.94457
8.59775
10.2746
11.5578
12.026
11.3203
9.99149
8.038
6.44185
5.23932
5.03398
5.44614
6.60631
8.35871
10.0594
11.3359
11.581
10.9924
9.56372
7.77017
6.17304
4.95178
4.6984
5.22668
6.54684
8.49128
10.283
11.6262
12.0689
11.4814
10.0201
8.29988
6.40236
5.20879
4.65999
5.21438
6.65464
8.5743
10.4332
11.6786
11.8345
11.235
9.8675
7.81534
6.08279
4.84808
4.44468
5.16419
6.67817
8.51062
10.3276
11.7297
11.9226
11.3193
10.0306
8.03197
6.22672
4.9035
4.57391
5.23025
6.8458
8.57536
10.3532
11.6175
11.8719
11.2944
9.92016
7.85194
6.02429
4.69702
4.43182
5.27082
6.88216
8.74339
10.6042
11.9747
12.2146
11.4965
9.90037
7.83073
6.09678
4.85696
4.67921
5.36058
7.02925
8.78661
10.3363
11.6666
11.9241
11.2759
9.68431
7.93998
5.93655
4.71213
4.40021
5.03168
6.72871
8.52222
10.31
11.6933
11.9773
11.301
9.66332
7.75419
5.72598
4.68034
4.38128
5.22824
6.91389
8.96281
10.8266
12.433
12.8264
11.646
10.0561
7.95149
6.11673
4.81839
4.2009
4.6204
6.47947
8.50908
10.5469
12.1851
12.8222
11.9673
10.3377
7.68395
5.4182
3.85128
3.39527
3.82215
5.38592
8.01772
10.1335
11.5775
12.3004
11.5297
10.1819
8.04745
5.93829
4.41989
3.66446
4.61853
6.33757
8.6942
10.828
12.3081
13.015
12.7651
10.8708
8.61172
6.36072
4.82947
4.21957
4.33333
5.30969
7.69005
9.8536
11.2102
11.7355
10.9837
9.80332
8.40602
6.02149
4.51876
4.10069
4.50496
6.01655
7.94641
9.87624
11.5826
12.3901
12.332
11.0466
9.23501
7.03076
5.15276
4.85131
5.29003
6.63915
8.55633
10.262
11.2383
11.5664
10.9616
9.58203
7.96438
6.39351
5.27781
5.00368
5.54691
6.8634
8.29481
10.0632
11.206
11.4418
10.9823
9.73845
8.17673
6.67576
5.5675
5.31515
5.89463
7.07773
8.53658
10.0039
11.0461
11.4934
11.0328
9.82052
8.18873
6.54662
5.46406
5.08488
5.60347
6.74854
8.36288
9.96928
10.892
11.2292
10.8125
9.57839
7.90189
6.41502
5.19163
4.78634
5.52933
6.81529
8.34152
10.0386
11.2625
11.7551
11.2901
9.96389
8.12889
6.61163
5.41954
5.03608
5.53946
6.89505
8.57174
10.079
11.1912
11.4799
11.0904
9.80406
8.12404
6.28115
5.21252
5.02809
5.4471
6.7261
8.31401
10.0669
11.217
11.5582
11.046
9.58798
8.221
6.65023
5.62728
5.21751
5.65312
6.91488
8.49461
10.2801
11.3301
11.6537
11.1122
9.86312
7.98242
6.14661
5.04295
4.64753
5.44919
6.90619
8.63792
10.1594
11.4359
11.6392
10.9167
9.70629
8.00512
6.29993
5.09793
4.90088
5.58431
6.98058
8.88185
10.3811
11.5139
11.6346
10.9071
9.56461
8.04288
6.48129
5.39783
5.00506
5.75687
6.97936
8.65228
10.1651
11.0025
11.4629
10.7663
9.39934
7.6194
6.13427
5.25467
5.04051
5.73166
7.10136
8.6393
10.3252
11.2683
11.4505
11.0057
9.76246
7.8883
6.69967
5.4302
5.27548
5.8576
7.16594
8.78898
10.3228
11.1674
11.2628
10.6032
9.2648
7.73017
6.27154
5.28896
5.13848
5.76485
6.93832
8.58812
10.2771
11.3384
11.2997
10.7052
9.30343
7.80432
6.46617
5.53634
5.28748
5.89617
7.05172
8.65274
