64554.5
71138.7
77253.3
77340.8
79860.8
81103.4
75227.6
66933.3
59458.3
55029
52930.9
50795
47474.5
45387.2
48597.7
48590.3
45276.9
42160.3
38284.1
34675.5
32918.1
32352.3
31597
33643.7
37522.9
41738.6
44282.9
43804
46397.2
49180.2
50711.8
49087.6
47361
47937.2
47312.7
46389.9
44270.4
42606.6
40838.8
39294.3
37191
37542.9
35328.5
26617.2
22759.7
23044.8
22618.1
24095.6
26096
28981.9
33023
37690.5
42192.5
47105.2
52032.4
65306.7
70662
71308
72310.9
72280
50331
49213.1
48303.3
47406.9
45430.1
42899.9
40292.2
38046.7
36041.4
35136.1
36340.3
39835.3
48204.5
61496.3
74977.6
87367.6
97091.5
104137
107703
108234
106258
101690
95529.5
88784.3
82047.3
75493.6
70201.7
64887
60195
56187.9
53451.4
52348.6
52954.1
55427.4
59971.6
65772.2
73723.3
84080
93104.6
100085
104278
105172
103185
98917.3
92307.6
84390.7
76085.1
67932.1
60479.9
53679.3
48354.5
43406
38795.2
35441.6
33654.2
33702.9
35549.6
39184
44352.5
51535.6
60284
70310.3
78540.1
83309.6
85218.1
84823.3
80030.9
70878.5
61698
52674.5
43576.1
36218.7
30275.9
26160.2
23479.8
21308.9
18856.8
17522.9
18021.5
19814.8
22411.7
26581.1
32914.9
40355.3
48328.7
56929.1
63728.6
67961.8
68933.4
66444.2
61302
54129.4
46548.6
39059.7
31634.6
24985.2
19622.1
16659.8
14864.8
13423.9
12157.1
11568.7
12752
15570.4
18798.1
23415.2
30210.6
38847.2
48580.5
58320.2
66219
72371
74887.7
72312.2
67957.4
61296.9
53147.7
45127.2
36426.9
29398
24676.1
22178.5
21131.8
20168.4
19486.4
20387.4
22249.6
25501.5
29558.4
34331.8
40536.8
48011.6
55174.7
61379.4
65885.8
68408.1
69494.6
67847.4
63361
57651.5
51034.9
44990
38805.5
33824.1
29437.1
26502.8
25284.7
24193.5
23685.3
23280
23349.9
24478.4
26192.3
27507.4
30254.4
35015.1
40434.3
46379.5
51687.3
56507.8
61048.1
63803
63790.6
62081.3
59369.4
56303.2
53001.4
49439.3
46750.9
45162.7
44142.9
42614.4
39542.4
36298.7
33596.3
31699.7
30423.9
30370.3
32052.7
36427.3
45818.7
58581.5
70603.1
80972.2
88263.9
92516.9
93806.7
92389.3
88071.7
82252.5
75736.9
68804.5
62205.7
56441.8
51934.8
47355.2
43224.7
40103
38428.4
38488.9
39806.9
42790.8
47419.8
54479.7
64219.7
75252.3
84277.7
92486.9
98450.8
100063
98672.3
94504.9
87201.2
77794.5
69369.5
60857.6
53449.5
47940.9
44064.2
40253.7
36868.9
34504.7
33506.8
34950.5
37949.5
43005.7
49278
57428.1
68414
80640.3
90006.1
96363.6
99126.2
97238.9
91841.8
84144.2
75416.7
66509.6
58074
50286.3
43275.7
38659.8
35956.4
32984.6
30435.7
29177.4
29491.3
31417.8
34669.8
39254.7
46065.9
54899.8
66007.1
76859.2
85280.2
90975
93685.3
92334.7
87313.6
79999.1
71394.1
62837.2
54427.8
47213.7
41283.3
37944
35877.9
33971.8
32133.8
31398.8
32427.1
35062.1
38457.2
42810.2
49217.6
57486.4
67245
76885.7
82499.3
86188
87329.2
84542.3
79022.1
71712.3
63755.8
55394.6
47371.8
40032.6
34616.4
31510.9
29398.7
26932.8
24698.1
24419
25334.2
27165.4
29537.2
32931
37940
43617.3
48428.3
52526.4
55377.6
56777.9
57055.2
54676.6
50319
45369.6
39918.9
35150.1
29576.4
25504.8
22270.7
20832.3
19933
18572.5
17432.3
16619.8
17266
17646.1
18534.7
20044.5
23477.2
28623.8
33327.7
38575
43503
48663.6
52838.1
54915.6
54892.1
54162.8
52130.8
49632.1
46125
43077.1
40679.8
39983.2
38542.2
37521.3
35320.4
33249.2
31013.1
29740
28700.9
29374.4
31516
36347.3
46122.8
58458.1
69992.1
80063.3
86778.8
90289.6
90959
89158.6
84917.2
79245
72920
66114.5
59612.4
54141.5
49740.5
45204.1
41431.3
38987.1
37848.5
38429.3
39937
43823.6
48920
55770.7
65570.8
76494.3
85537.6
92057.6
95181.4
94492.1
91515
85831.7
78236
69846.8
62023.1
54551.5
47520.8
41971.5
37570.3
33240.6
29752.7
27561.6
27252
28793.9
31808.5
36194.3
42871.4
51401.4
61852.6
72502.2
80704.3
86257.1
87889.8
85987.2
80845.6
73108.6
64609.6
55724.9
47131.4
39532.7
33741.6
29799.8
27274.5
24858.6
22867.6
21934.1
23219.7
26259.6
30257.2
35474.9
42753.3
51786.4
62859.7
74170.8
82420.3
88116.4
90148
88186.6
83234.8
75322.3
66452.1
57350.2
48485.2
40960.2
34971.3
31645.7
29602.1
27175.3
25033.5
24314.2
25981
29328.9
33649.5
39414.7
47206.8
56512.4
67283.4
78063.7
85751.1
91105.7
92540.3
89480.3
83745.6
75361.2
66368.6
57493.8
48823.2
41301.5
35364.1
31538.8
29289.4
27478.2
26132.6
26351.8
28295.1
31798.5
35753
40823.6
47442
54943.3
61543.2
66826.3
69888.5
71363.4
71213.8
68070.6
63098.6
56746.9
49815.6
43138.8
36541.3
31227
27006.9
24632.1
23077.1
21479.6
19774
18697.5
18959.8
20243
21889.8
24002
27932.9
33177.6
38554.1
43474.5
47701.4
51558.9
54794
55867.1
54988
52966.7
50556
47635.9
44050.1
40815.9
38030.9
36253.4
34820.9
33035.1
31090.2
29317.7
28008
26877.7
26422.3
27046.3
29297.8
33979.2
44190.7
57237.2
68955.7
79188.6
85806.5
90076.2
91851.3
90558.6
86867
81029.5
74284.6
67313.5
60854
55454.6
51532.3
47399.4
43854.1
41803.8
41049.4
41975.9
43977.9
47856.6
52477.9
58578
67794.6
78338.1
86879.6
93111.9
95459.8
94503
91984.3
86548.7
79268
71224.7
63280.2
55733.9
48877.1
43456.5
39294.1
35492.8
32036.6
29950.7
29945.2
31499.5
34114.6
38149.7
44338.7
52484
62833.7
73319.8
80691.4
85305.2
86142.4
83093.9
77206
68862.2
59766.1
50722.2
42123.1
34646.7
28913.8
25550.3
23818.1
21981.9
20160.1
19710.2
21088
24100.6
28025.7
32894.9
39674.1
48565.9
59624
70821.2
78319.6
82752.7
83702
80569.2
74565.2
66505.4
57551.7
48821.5
40859.3
33548.4
28124.1
25668.7
24217.3
23150
22352.1
22589
24885.1
28555.4
33232.5
38486.2
45779.9
54981.1
65488.8
75496.6
82368.1
86349.5
86300
82187.8
75281.7
66445.8
57225.8
49044.9
40598.4
33554.2
28095.3
25215
24092.1
22682.3
21695.4
21838.2
24275.6
27987.5
32123.2
37135.8
43200.6
50961.7
57295
61684.8
64113.7
64296.9
63489.8
59000.9
52629.4
45155.7
38390.9
32462.5
26480.8
22286.4
18858.6
18020.9
17707.3
16878.1
16293.9
15701.2
16127.2
18162
19876.7
22351.4
26368.9
31344.8
36924.6
41852.8
45927.5
49370.8
52153.9
51996.8
50362.3
47055.4
43934.8
39976.8
37188.3
33635.1
32241.4
32113.8
31352.5
31060.4
29493.7
29095
28326.4
28863.7
28641.4
29261
31250.1
34861.8
44103.8
55928.5
66789
76707
81812.6
85446.8
86274.3
84566.2
80121.1
74274.2
67588.1
60807.6
55677.5
50925.3
47761.8
44427.4
41753
40185.7
39877.3
41382.4
44090.2
47920.3
53191.2
60200.8
69481
79374.9
86737
91329.7
92353.3
90694.5
87307.3
80746.6
73168
64257.6
56306.5
49160.9
43128.3
39203.5
36517.2
33249.9
31050.7
29339
29679.4
32218.8
35524
40041.6
46071.6
54126.6
63791.8
73248.5
79022.6
81531.3
80761.9
76345.6
69957.4
62145.8
52688
44690.5
36629.6
31003.3
26069.9
24929.4
24259.4
23690.4
23362.9
23257.7
25247
28398.8
31540
35939.9
41419.1
48538.9
56606.7
64339.2
69318.8
72136.1
72506.7
69674.8
64391
57399
49064.4
41776.9
34630.4
29328.2
25182.8
23392.2
22831.9
21591.7
20321.2
19961.1
21496
24551.6
27572.2
31174.9
36310.8
42763.6
50110.1
56220
60506
62621.2
62030.5
58827.6
53192.4
46514.9
40702.7
35749.5
30850.3
26555.5
23450.8
21899.4
21482.7
20374.1
19393.7
19401.3
20120.7
22408.1
24125.3
26219.8
30096.4
35308.9
42425.5
48932.3
53390.1
56745.5
58392
57712.3
55579.9
52678.1
49690.1
47184.7
44193.6
41466.7
40040.4
39693.3
39862.6
39756.9
39554.8
39850.1
40934.3
42668.7
44565.6
47013.9
50280
53953.4
57546.1
61593
65034.2
68125.8
68450.6
66607.3
64706.9
62359.2
61022.8
59323.4
58215.2
56564.3
55479.3
54129.1
52724.3
51063.5
48621.9
46557.3
44182
41887.6
40103.9
38591
38012.4
38427.3
39599.6
41533
43398.6
45686.2
48003
49418.6
50858.5
51618.7
51593.7
51188.1
50412.7
48924.6
47328.4
45266.5
42771.3
40027.4
37139.2
33782.8
31480.2
29551.4
28508.5
28218.4
28548.4
30489.9
33419.2
37412.4
42011.7
47247
52943.3
57118.7
60804.1
63194.2
63889.6
64517.4
65010.7
64645.6
62457.8
60074.3
56795
53546.3
49811
45818.8
42764.9
40427.3
39370.8
39503
41471.9
44985
49926.8
55942.4
62614.7
69059.7
74357
78568.9
80714.9
80823.4
79478.5
76956.3
73958.3
70456.3
66788.7
63236.1
59924.7
56051.5
51885.8
48233
45585.1
43519.3
42481.6
43000.6
44542.8
47362.6
51637.7
56906.1
62619.6
67211
70617.3
73148.3
73762.6
73138
71300.4
68866
65529.1
61770.1
58133.4
54654.6
51179.3
47859.2
44231.8
40306.5
37773.1
35682.9
34316.6
34663.7
36446.8
39600.3
43638.7
48650.1
53993.5
58907.5
62557.1
64600.5
65115.2
64746.2
62941
59998.2
56752.8
52899.3
49062.9
45543.2
41981
38591.8
35540.1
32910.8
31109.6
29782.5
29179.5
29688
31379.4
34359.9
38119.2
42050
46413.7
50685.7
54469.4
57389
58670.4
59085.3
58727.8
56692.8
54814.4
52227.2
49776.5
47672.7
45553
43335.8
40717.9
37691
35031.6
33235.2
31896.2
32149.9
33447.4
36060.6
40220.9
45438.2
51216.7
56937.6
62195.1
66841.8
70046.6
71289.5
72004.9
71071.8
68449.9
65597.5
62617.5
59907.5
56943.6
53829.4
50269.4
46753.8
43863.2
41621.4
39834
39325.3
40284.9
42242.6
45394.4
50164.2
56221.5
61978.9
67309.6
71813.2
75243.4
77153.6
77632.7
76487.7
73897.3
70389.4
66077.4
61893.7
57266.7
52807
48573.6
44006.5
40295.5
37364.9
35307.7
34982
36394.4
40086.3
48415.5
59180.2
69608.2
79058.3
86104.6
90388
92648.4
92401.7
88642
82796.9
76352.2
70278.8
64443.1
58869.5
54224.1
50204.8
46619.4
43723.8
42391.4
42430.5
43744.7
46937.8
51591.9
58633.7
70243.5
83223.6
93731.4
101320
104990
104856
101575
96224.9
88294.3
79064.5
70636.5
62664.3
55402
50493.6
47050.4
43533.9
40526.8
38570.9
38557.1
40769.6
44243.3
49201.1
55975.4
64849.2
76428.8
87810.3
95513.9
100398
101729
99546.3
93804.7
85670.4
75618.1
64782.1
55112.2
46314.8
39807.9
36011.5
34081.5
31835.2
29844.7
29034.2
30467.4
33547.2
37514.3
42855.9
49872.3
59158.2
70548.5
81605.6
89176.5
94090.1
95051.5
91615.5
85014.2
75670.4
65073.3
54380.4
44604.1
36798.8
31072.1
28852.4
27611.9
26158.6
25336.4
25759.4
28203.3
32019.1
36445.9
41556.1
48721.2
56717.9
63734.4
69652.8
73248.9
75210.8
74675.3
70648.3
64536.1
57138.9
50258.6
43781.6
37615.3
32755
28901.8
27513.3
26692.6
25070.1
23548.5
22758.1
22792
23909.8
25610.4
27807.6
32035.3
37754.1
43569.4
49459.9
55040.9
59588.1
62992.6
64014
63087.9
60835.7
58204
54537.5
50475.8
46569.5
44231.9
42553
41383.9
40142.5
38366.1
37103.4
35126.8
34009.7
32783.7
33409.4
35356.5
40254.7
51646.5
65467
78593.4
89143.1
96352.5
100125
100818
98865.5
93692.5
86893.8
79675.4
72707.9
65944.4
60181.7
55668.2
51448.7
47922.2
45321.8
44523
45157.8
47701.9
51750.7
57307.1
64711.9
74971.3
86201.1
94556.2
100474
102569
101172
97509.7
91215.3
83165
74191.7
66086.4
58375.4
51181.6
45733.5
41292.1
37229.4
33451.6
31052.1
30720
32337.3
35965
40675.7
47516.7
56194.7
67260.9
77978.7
85845.1
91027.7
92010.3
89227.8
82838
74158.2
64724.2
55302.6
46359.8
38741.2
32883.3
29220.4
27338.3
25422
23443.7
22783.7
24106.9
27094.8
31213
36605.3
43969.4
53277.3
64462.6
75344.5
83056.5
88015.6
89169
86347.9
80982.9
72998.9
63783
54139.5
45084
37338
31449.1
28341.1
25879.2
23762.6
22233
21990.1
23618.9
27077.9
31346.1
36675.9
44216.8
53438.5
64785.3
76027.9
83683.1
88488.8
88869.8
85597.6
79529.4
71053.3
61726.8
52293
43341.6
35158.9
29102.3
25867.9
24211.5
22244
21156.5
21336.7
23186.3
26842.1
31115.4
36462.8
43776.1
52295
59783.6
65857.1
69807.3
72015.3
72046
68645.5
63045.6
55459.3
47941.5
41195.9
35072.5
29719.2
25346.4
23360.1
22083.3
20876.2
19776.1
19171.7
19881.4
21339.9
23326.7
25662.2
29976
35984.5
42197.3
48438.2
54091.3
59483.7
63452.1
64721.3
63698.4
60705.7
57413.5
53237.7
48508.4
43946.9
40446.9
38402.1
37062.9
35717.9
33598.1
31600.9
29809.9
28699.2
28190.8
29197.5
32256.7
38229.4
49730.4
63903.4
77057.1
87712.1
94697.2
98120.6
98219
95630.2
90089
82790.1
75131.5
67487.9
60471.9
54775.1
50438.8
46124.6
42888
40805.4
40341.3
41692
44448.1
48825.9
54723
62206.6
72568.7
83711.8
92457.4
98879.4
101749
100691
96402
89763.7
81952.6
73485.9
65264.6
57772.2
50708.3
44993
40767.8
36413.6
32680.6
30506
30416.4
32019.5
35551.4
40825.9
48071.1
57009.9
68014.9
79087.1
86738.4
91405.5
92455.8
89550.1
83755.5
75508.3
66824.7
57417.2
48446.5
40654.9
34475.9
30657.9
28334.8
26387.2
24576.3
24159.4
25149.9
27837
31759.7
37031.3
44221.5
53027.6
63681.3
74228.1
82043.5
87041.4
88607
86534.6
81287
73864
65292
56295.8
47549.7
39785.7
33779.2
29910.7
27653.6
25362.9
23572.4
23108.5
24684.3
27840.5
31987.4
37666.8
45007.6
54103.2
64869.2
75550.7
83143.1
87581
88366.6
84972.4
78828.4
70430.6
60962.7
51946.3
43669.7
36403.2
30789.3
27702.9
25972.4
24297.3
23024.4
23179.1
25237.7
28514.9
32726.1
37667.4
44213.7
51932.3
58684.7
64072.8
67395.9
69084.8
69028
65927.2
60571.9
54050.8
47661.1
41743.1
36195.9
31533.2
27761.7
26050.8
24999.6
23920.9
22483
21792.5
22327.7
23612.2
25486.8
27782.3
31577.8
36873.3
42465
47864.3
52684.4
57133.7
60658.3
62015
60997.8
58429.4
55521.6
51955
48056.7
44039.4
41039.1
39672.7
38598.4
37644.9
35658
33719.9
32069.2
30710
29769.5
30214.6
32536.9
37703
48245.7
60626.5
72339.3
81696.7
88261.4
91845.2
92337.1
89846.6
84819.9
78810.8
72205.4
65576.3
59126
54046.6
49480.8
45285
41784.1
39371.1
38518.8
39334.7
41471.2
45465.6
50956.7
58238.5
68920.7
80428.8
89802.5
96195.5
98661.5
97237.5
92865.2
86238.3
78144.9
69765.4
61719.3
53711.7
46887.8
41676.2
37521.4
33533.2
30118.5
27987.7
28317.7
30786.7
34485.4
39853
47427.2
56954.2
68047.8
78491
85840.9
90595.3
91581.1
88169.9
81603.8
73228.8
