1.1363636363636365
1.1363636363636365
1.461038961038961
1.7857142857142856
2.1103896103896105
2.4350649350649354
2.4350649350649354
2.75974025974026
3.4090909090909087
3.7337662337662336
4.058441558441558
4.058441558441558
5.032467532467533
5.032467532467533
5.681818181818182
6.0064935064935066
6.6558441558441555
6.98051948051948
7.305194805194805
7.954545454545454
8.279220779220779
8.603896103896105
8.928571428571429
8.928571428571429
8.928571428571429
8.928571428571429
8.928571428571429
8.928571428571429
8.928571428571429
5.681818181818182
5.681818181818182
5.681818181818182
5.681818181818182
5.681818181818182
5.681818181818182
5.681818181818182
5.681818181818182
5.681818181818182
5.681818181818182
5.681818181818182
5.681818181818182
5.681818181818182
5.681818181818182
5.681818181818182
5.681818181818182
8.279220779220779
9.577922077922079
10.227272727272728
11.85064935064935
13.14935064935065
13.474025974025974
14.123376623376624
15.422077922077923
15.746753246753247
17.694805194805195
18.019480519480517
18.66883116883117
18.993506493506494
19.318181818181817
19.642857142857142
19.642857142857142
17.694805194805195
14.44805194805195
14.44805194805195
14.44805194805195
14.44805194805195
14.44805194805195
14.44805194805195
14.44805194805195
14.44805194805195
14.44805194805195
14.44805194805195
14.44805194805195
14.772727272727273
15.0974025974026
15.746753246753247
17.045454545454543
17.694805194805195
18.66883116883117
19.967532467532468
20.941558441558442
21.915584415584416
24.512987012987015
25.487012987012985
26.136363636363637
27.435064935064936
28.084415584415584
28.40909090909091
29.05844155844156
29.383116883116884
29.707792207792206
30.032467532467532
30.032467532467532
30.032467532467532
30.032467532467532
30.032467532467532
30.032467532467532
30.032467532467532
25.487012987012985
25.487012987012985
25.487012987012985
25.487012987012985
25.487012987012985
25.487012987012985
25.487012987012985
25.487012987012985
25.487012987012985
25.487012987012985
26.136363636363637
26.461038961038962
27.110389610389614
27.435064935064936
30.032467532467532
31.33116883116883
32.62987012987013
33.603896103896105
35.22727272727273
35.87662337662338
36.85064935064935
38.14935064935065
38.798701298701296
39.44805194805195
40.42207792207792
41.07142857142857
41.07142857142857
41.07142857142857
41.07142857142857
41.07142857142857
41.07142857142857
41.07142857142857
41.07142857142857
41.07142857142857
41.07142857142857
36.201298701298704
36.201298701298704
36.201298701298704
36.201298701298704
36.201298701298704
36.201298701298704
36.201298701298704
36.201298701298704
36.201298701298704
36.201298701298704
36.52597402597403
37.17532467532468
37.5
38.14935064935065
38.47402597402597
38.798701298701296
39.44805194805195
40.42207792207792
42.37012987012987
45.2922077922078
48.214285714285715
48.538961038961034
49.188311688311686
50.16233766233766
50.48701298701299
51.13636363636363
51.461038961038966
52.1103896103896
52.1103896103896
52.1103896103896
52.1103896103896
52.1103896103896
47.88961038961039
47.88961038961039
47.88961038961039
47.88961038961039
47.88961038961039
47.88961038961039
47.88961038961039
47.88961038961039
47.88961038961039
47.88961038961039
47.88961038961039
47.88961038961039
48.214285714285715
49.188311688311686
49.51298701298701
50.16233766233766
51.13636363636363
51.78571428571429
53.08441558441559
53.40909090909091
53.73376623376623
54.05844155844156
54.38311688311688
55.032467532467535
55.35714285714286
57.95454545454546
58.603896103896105
58.92857142857143
59.253246753246756
60.22727272727273
60.55194805194806
60.87662337662337
61.52597402597403
61.52597402597403
61.52597402597403
61.52597402597403
61.52597402597403
61.52597402597403
57.95454545454546
57.95454545454546
57.95454545454546
57.95454545454546
57.95454545454546
57.95454545454546
57.95454545454546
57.95454545454546
57.95454545454546
57.95454545454546
58.27922077922077
59.253246753246756
59.253246753246756
60.22727272727273
60.55194805194806
61.52597402597403
63.798701298701296
65.74675324675324
67.6948051948052
69.31818181818183
69.96753246753246
70.94155844155844
71.9155844155844
72.24025974025975
72.8896103896104
73.53896103896103
73.86363636363636
73.86363636363636
73.86363636363636
73.86363636363636
70.61688311688312
69.96753246753246
68.9935064935065
68.9935064935065
68.9935064935065
68.9935064935065
68.9935064935065
68.9935064935065
68.9935064935065
68.9935064935065
68.9935064935065
69.96753246753246
70.61688311688312
71.9155844155844
73.53896103896103
74.51298701298701
77.1103896103896
77.75974025974025
78.73376623376623
80.03246753246754
81.0064935064935
81.65584415584416
82.3051948051948
82.95454545454545
83.27922077922078
83.92857142857143
84.25324675324676
84.25324675324676
84.57792207792207
84.90259740259741
84.90259740259741
84.90259740259741
84.90259740259741
84.90259740259741
84.90259740259741
79.70779220779221
79.38311688311688
79.38311688311688
79.38311688311688
79.38311688311688
79.38311688311688
79.38311688311688
79.38311688311688
80.03246753246754
80.68181818181817
81.0064935064935
82.3051948051948
85.55194805194806
86.52597402597402
87.17532467532467
88.7987012987013
89.12337662337663
90.09740259740259
90.42207792207793
91.3961038961039
92.04545454545455
92.6948051948052
93.01948051948052
94.31818181818183
94.31818181818183
94.31818181818183
94.31818181818183
94.31818181818183
94.31818181818183
94.31818181818183
94.31818181818183
93.9935064935065
93.66883116883116
93.01948051948052
88.7987012987013
88.14935064935064
88.14935064935064
88.14935064935064
88.14935064935064
88.14935064935064
88.14935064935064
88.14935064935064
88.47402597402598
89.12337662337663
90.09740259740259
91.07142857142857
91.72077922077922
92.6948051948052
94.31818181818183
94.64285714285714
95.29220779220779
95.61688311688312
96.26623376623377
97.56493506493507
97.8896103896104
