0.00683906
0.0136781
0.0205172
0.0273562
0.0205172
0.0136781
0.0136781
0.0205172
0.0273562
0.0341953
0.0273562
0.0205172
0.0205172
0.0273562
0.0341953
0.0410343
0.0341953
0.0273562
0.0273562
0.0341953
0.0410343
0.0478734
0.0410343
0.0341953
0.0341953
0.0410343
0.0478734
0.0547124
0.0478734
0.0410343
0.0410343
0.0478734
0.0547124
0.0615515
0.0547124
0.0478734
0.0478734
0.0547124
0.0615515
0.0683906
0.0615515
0.0547124
0.0547124
0.0615515
0.0683906
0.0752296
0.0683906
0.0615515
0.0615515
0.0683906
0.0752296
0.0820687
0.0752296
0.0683906
0.0683906
0.0752296
0.0820687
0.0889077
0.0820687
0.0752296
0.0752296
0.0820687
0.0889077
0.0957468
0.0889077
0.0820687
0.0820687
0.0889077
0.0957468
0.102586
0.0957468
0.0889077
0.0889077
0.0957468
0.102586
0.109425
0.102586
0.0957468
0.0957468
0.102586
0.109425
0.116264
0.109425
0.102586
0.102586
0.109425
0.116264
0.123103
0.116264
0.109425
0.109425
0.116264
0.123103
0.129942
0.123103
0.116264
0.116264
0.123103
0.129942
0.136781
0.129942
0.123103
0.123103
0.129942
0.136781
0.14362
0.136781
0.129942
0.129942
0.136781
0.14362
0.150459
0.14362
0.136781
0.136781
0.14362
0.150459
0.157298
0.150459
0.14362
