64554.479
71138.749
77253.266
77340.78
79860.759
81103.408
75227.56
66933.324
59458.318
55028.968
52930.871
50795
47474.464
45387.152
48597.693
48590.282
45276.857
42160.261
38284.126
34675.496
32918.12
32352.33
31597
33643.656
37522.894
41738.583
44282.885
43803.965
46397.152
49180.181
50711.821
49087.589
47360.991
47937.245
47312.699
46389.855
44270.442
42606.649
40838.801
39294.285
37190.987
37542.926
35328.5
26617.164
22759.692
23044.778
22618.117
24095.587
26096
28981.928
33023
37690.514
42192.531
47105.179
52032.417
65306.717
70662
71307.992
72310.856
72280
70801
69972.813
67289.282
61491.512
55463.324
49658.133
45066.497
39938.616
37518.327
37667.338
41410.384
59453.567
85732.707
99485.714
109657.701
113513.696
122772.135
122664.463
120957.82
112710.782
102011.78
93463.702
89273.093
84388.795
81028.234
79151.756
75475.127
69695.122
61426.173
55148.967
49963.178
46288.304
43460.824
43872
46920.245
64800.154
90777.868
102356.462
113912.899
119409.565
125058.79
122651.869
119779.18
107937.658
96320.504
89288.673
84061.54
82382.836
78535.644
80190
77015.476
72030.651
67312.915
60855.282
55619.246
50997.383
47565.928
45270.163
48382.999
64916.416
91055.529
102021.363
101453
102830.483
119116.364
106297.849
81473.416
75003.65
67270.899
61745.19
60069.544
55082.136
53785.152
51820.489
49220.787
45354.131
38464.389
34335
31852.582
28444.123
27960.347
29380.717
32337.982
44782.657
65160
74067.274
80437.905
80415.565
83413.132
84793.399
81314.995
73975.34
66554.983
61711.489
58145.548
53628.75
51279.196
48923.357
46283.6
42701.972
37990.322
33373.495
30673.197
28032.506
26527.637
26178.832
30784.684
44053.78
62682.285
70084.37
76064.529
74957.997
72677.433
79244
74980.781
63487.752
54476.09
51138.512
51265.584
49326.515
46928.152
46398.889
44664.737
42590.082
39372.446
36232.874
34004.909
29333.91
28015.092
26969.569
25728.566
27591.345
31454.146
36188.715
39750.059
42938.62
47159.701
48890.799
51229.546
49557.58
48216.642
46392.541
48494.678
45924.987
45613.651
45172.749
45939.239
48667.98
44866.786
40357.237
37522.586
33910.18
28542.996
25969.81
24802.086
25395.482
29015.043
32984.091
39098.793
44756.288
49035.953
53261.755
55035.151
55287.987
54602.434
54493.092
54553.744
54274
52619.979
51428.509
47533.739
42460.434
37865.331
35589.878
31999.44
29972.202
28900.201
28501.095
32438.902
49461.161
67889.4
75509
80523
81577.838
85024.332
86160.165
82759.857
72696.1
64397.93
60648
58350.27
54538.735
52054.286
48751.066
45148.215
42130.732
36189.368
33105.464
29913.977
27277.185
27026.326
26245.195
32329.168
50078.847
68732.697
75319
92221.713
100538.752
104006.471
107104.349
103349.576
88486.319
74831.493
74798.91
69512.555
68124.378
66013.225
67082.953
63436.452
58264.328
49253.214
43793.885
39106.299
35678.57
35011.907
30168.753
32005.156
54237.304
80516.668
88020.643
96246.398
97177.838
101150.524
101657.483
95109.579
85348.865
77682.573
75995.082
71526.66
65109.184
63147.478
62795.623
59416.704
55802.401
49038
44824.18
41262.35
38502.842
36738.184
36125.825
41135.725
65474.571
82467.574
93079.356
102599.388
108057.727
112837.65
111399.188
103742.559
93405.254
86868.704
84285.964
80778.869
78999.243
77799.562
75494.775
74831.129
67754.882
62394.256
56962.353
53557.731
50272.128
48009.547
45399.898
52307.46
70881.884
89448
80168.813
87495.915
85857.664
90273.327
87279.396
80299.083
67974.606
61223.856
57414.229
56959.325
52867
52518.324
49083.899
49012.254
43615.802
44068.312
39605.581
37475.36
33046.556
32713.706
29702.747
31026.956
32024.429
37573.582
40847.819
45148.581
48153.846
54414.212
55386.762
58545
54325.468
56527.491
52735.547
55192.6
52802.947
53506.146
51269.499
50421.739
47555.374
43531.916
42098.476
35893.256
34565.454
29827.05
30631.979
28932.115
31481.864
33070.414
38476.669
44300.867
49149.844
52912.078
57696.298
57669.484
58079.9
56645.24
56181.065
55270
53634.613
54419.289
53052.114
50954.808
45809.101
40245
36423.172
32862.705
30332.592
29028.572
28847.186
33673.148
55223.242
72266.964
80883.772
87918.214
89166
91226
91778.493
85757.243
78133.241
69761.898
66419.685
61680.725
58289.419
55792.679
54811.306
50043.82
45475.842
41406.626
38624.771
33913.828
30401.173
29635.565
29031.481
32506.156
53181.102
70535.251
80362.217
86554.128
87539.785
90532.853
91474.874
84942.878
73482.245
65249.946
64664.419
60923.59
56993.531
54305.582
51523.252
49976.226
45549.591
40666.044
35652.233
31671
29047.436
26784.373
26418.377
31950.551
51543.423
68466.515
77996.542
84568.374
83362.625
92336.437
90560.842
83445.856
74962.686
67144.745
63641.43
60730.077
57745.563
54525.292
51384.208
49264
44518.666
40001.411
37012.245
34134.165
30817.483
28610.709
28921.142
34124.636
54369.52
72559.595
79603.365
87629.284
87152.603
93420.954
94073.645
85660.864
74872.933
66375.726
62939.188
62600.85
58782.182
56805.86
54459.797
50150.238
44525.686
41474.054
39190.31
36423.637
35010.504
35310.084
35726.683
40796.188
59539.977
77516.517
85855.956
92292.472
90515.584
93223.162
92415.43
84355.206
75752.371
67520
64695.361
60892.144
57914.256
53136.779
51770.21
50281.995
46538.44
42618.367
39521.851
35830.231
32806.894
30951.491
29855.901
29966.829
31805.162
34528.609
38559.238
42701.325
45711.781
50264.924
53492.441
54346.654
52282.914
50309.922
50900.305
52256.601
50330.869
49473.237
48249.176
46865
43687.721
41033.959
38032.974
35908.911
31592.429
28955.842
28677.878
28201.572
28829.847
28703.719
32662.607
37707.642
42564.133
46889.935
49070.403
52395.337
55136.823
54640.378
54671.148
55312.79
53356.312
51979.359
50311.982
46292.13
43253.362
40307.044
37171.708
33305.231
30880.803
29176.601
29477.058
33781.549
55709.826
72836.521
79390.304
83847.998
82586.886
89311.474
90090.834
83655.373
75037.801
64345.928
60905.762
57935.254
54901.754
53220.186
53116.73
48399
44900.407
41647.11
38520.385
36196.677
33423.14
32938.343
28815.322
33304.282
53794.599
72324.902
80303.875
85672.821
83661
88313.678
91323.957
85076.436
73140.546
64014.123
60864.796
57203.41
55244.68
52074.34
50279.168
49256.589
44207.153
40711.075
36846.248
31198.652
27474.118
26454.972
25532.123
31036.272
50650
68305.559
75805.898
79526.782
76540.695
81551.427
80618.849
73336.401
63554
55092.606
52813.306
50660.787
47754.179
45399.997
44384.668
42154.161
38311.938
34952.713
30711.805
27493.618
25398.265
24573.88
23953.868
30497.844
51378.822
69994.205
74193.284
77678.268
75699.176
79756.129
79761.117
73637
62498.87
55072.861
54448.863
50863.806
49944.891
48313.887
45433.639
46743.778
43379.557
39902.47
35692.36
30818.634
31599.945
27567.438
28136.723
33631.969
49471.286
64139.679
70816.209
72766.914
68427.757
68818.332
68556.788
62721.553
53987.602
48479.403
42758
42220.28
38303.626
36347.35
37033.163
34643.117
34068.865
30985.26
29025
27472.894
24427.68
24529.743
21979.348
24037.561
25360.966
26291.493
31008.233
31011.534
35254.869
35150.481
37300.231
38076.429
37752.21
37177.528
35015.099
37228.588
34992
35011.088
34800.127
32280.437
33392.89
29156.642
26090
27186.725
22875.955
23709.858
21917.519
21782.322
23156.664
24021.871
27853.05
28611.285
32932.49
31245.961
36040.11
34510.436
36601.457
32838.846
37653.087
33750.114
36951.304
35758.709
32441.922
30715.372
28830.639
26542.743
26224.939
23487.26
20869.443
19798.781
19097.233
23428.666
37113.117
51213.063
55277.663
61563.381
57839.506
62107.361
62452.658
57675.478
49158
43284.815
37339
37805.555
36243.734
37187.259
32884.517
33438.259
29468.713
29721.561
25637.167
25900.079
21456.617
22950.387
20403.919
26631.836
36782.57
50708.243
51507.191
58424.218
52840.301
59090.644
59571.861
52964.543
46270.417
36645.329
35733.083
33247.389
33239.894
33710.261
31312.26
30134.751
28624.124
25512.056
25495
21786.739
20951.45
19712.331
18701.43
23591.531
35423.737
44136.146
47695.237
47137.829
46683.674
47433.098
50014.865
46478.613
39609.965
35301.357
33985.428
34710.874
32660.628
33871.396
30761.781
30199.081
27877.183
24632.627
23710.409
20482.301
17392.248
18204.666
16945.357
18923.79
26469.404
32930.715
36777.726
37958.727
37925.079
39971.221
40344.584
37008.785
30729.976
28009
26971.9
27949.213
27066.488
26401.058
25821.855
24671.569
22633.353
21251
20521.92
18799.412
17496.172
16064.053
15887.429
17293.749
21540.954
24396.656
26817.559
26400.552
24812.899
24986.429
24604.676
22802
22827.461
22535.165
21558.418
20892.179
20476.839
20362.385
20327.912
19343.392
19172.282
19308.177
18235.216
17360.129
15575.546
14152.229
14173.574
15184.257
21113.77
22428.722
24044.638
24845.329
25715.038
26736.956
27779.443
28273.879
28976.265
28739.676
28455
28431.898
28827.161
27726.662
27933.401
27631.764
26679.653
25649.063
24691.263
24209.626
23880.931
22541.622
21776.712
21336.543
21393.846
22726.821
23928.407
24331.993
20298.579
18775.397
19348.032
20638.221
22230.216
21667.737
23316.099
22862.054
23406.881
22697.629
22619.467
22160.219
20476.11
19904.388
17994.467
16211.57
15064.067
14051.746
13486.742
13983.505
14715.408
16112.639
16822.193
18654.718
19229.026
20141.381
21200.782
21890.387
22225.133
22939.522
23633.145
23304.475
23417.832
22635.135
22240.119
21501.034
20152
18642.491
17647.022
15913.847
14536.836
13743.076
13321.255
14209.925
14941.593
16298.652
18673.34
21439.633
23718.683
23734.571
24990.919
25603.185
24600.696
25684.423
27233.76
27314.167
26203.323
25719.303
24921.438
24970.121
23696.543
22344.462
20946.821
19607
17946.641
17525.998
17418.067
17959.679
19334.402
21867.126
24377.758
26851.249
27849
30094.446
30372.342
28899.462
28352.619
28100.605
28215.075
27934.238
27383.755
27738.863
28204.727
26286.573
24352.96
22965.429
22478.5
19878.323
18504.505
17322.695
16273.429
16296.631
18311.14
21070.061
23790.386
23778.621
25567.235
27734.565
28055.149
28079.657
27576.117
28270.9
27378.473
26483.674
27544.475
27030.959
26585.669
26611.222
24389.69
22038.8
21501.086
19083.093
18215.985
17021.088
15807.881
16374.761
17422.672
19861.057
22401.844
23639.306
24356.721
25165.505
25465.093
26454.851
25020.643
23902.1
23502.631
22863.664
21647.46
21278.565
20755.185
20180.995
19797.134
18850.124
18190.986
16869.629
15704.14
14784.621
13976.59
14012.651
14051.664
14764.426
15900.625
17985.56
20102.603
22012.264
22828.645
24594.295
25318.781
24799.757
26044.47
25734.557
26225.869
25705.881
26067.559
25751.947
23849.388
21562.882
20420.515
19032.913
17862.727
16548.415
16170.455
15980.663
16184.791
18150.363
19275.639
20394.194
22101.955
24495.611
26081.455
26150.426
27837.682
27521.403
26461.159
26606.654
27233.506
27635.365
26539.796
25321.249
23790.448
22250.555
21003.252
19804.819
17871.791
17230.231
16807.655
16693.351
16996.88
19416.103
22224.552
23807.755
25446.967
27278.762
29072.368
30504.295
30682.671
30168.187
29858.978
28894.814
28499.38
28814.225
27101.334
26732.078
24864.067
22244.838
20747
18484.26
16768.052
16424.572
15742.976
18206.641
27849.805
35989.396
39735.391
44037.765
46568.684
48831.337
50967.072
48968.153
42708.239
37191.451
34996.864
35480.443
33813.369
30848.775
29975.598
29963.9
27607.799
24792.159
23303.716
20890.733
18515.384
18331.986
18569.849
22750
37968.274
50746.821
57359.305
62248.807
63315.952
65428.424
65532.986
62734.525
52272.378
43950.101
42766.869
40088.315
37992.814
37914.25
36212.272
35050.596
31179.654
27818.518
26068.776
23589.525
21468.305
20843.14
20406.704
25379
41403
53865.354
58150.838
63871.607
65286
71860.86
70495.547
65613.89
53550.737
44919.742
43110.453
39991.752
39543.973
38222
38141.738
35597.481
31792.418
28448.589
26367.854
23087.896
21508.494
20063.59
20411.716
24864.673
42038.144
55457.757
60748
67098.495
68015.165
70865.531
70719.964
63011.88
51604.325
44103.827
41607.807
41004.426
40550.415
40956.741
38546.734
36440.859
34790
32128.139
30236.031
27345.855
24921.495
22680.415
21741.234
21444.687
22939.257
26122.281
29728.82
33702.908
35258.433
37460.551
39637.482
40900.252
40550
40380.342
40032.159
40349.412
38902.108
40225
38955.145
35681.537
34216.795
32224.923
29815.934
28167.133
26203.648
24066.743
23397.901
23111.603
23747.755
26277.73
30809.66
34010.483
37324.724
40785.34
43454.434
45943.661
48492.247
46261
46770.491
44970.613
47440.082
44408.394
43246.698
40382.484
37690.531
35836.879
30440.058
27988.312
24342.043
24663.893
24693.199
29764.596
51098.782
65434.839
75500.24
80879.43
82928.162
86484.114
84129.683
80838.75
69806.62
60442.302
57893.216
55520.532
52585.443
49760.123
48224.39
45987.511
41514.941
37703.548
34145.769
31531.413
28465.984
27146.78
27335.194
33151.088
51936.668
68482.557
75787.576
83365.344
84502.522
87032.397
88326.351
83532.089
70753.798
63151.965
60456.745
57841.067
54575.089
51863.713
49946.726
47080.881
41783.499
37975.983
33167.958
30038.487
27638.989
26282.537
25804.474
31381.88
51816.207
66859.085
77189.127
82692.425
81659.91
86444.363
82859.11
77384.708
67721.783
60678.97
57547.755
55569.386
53176.342
50684.455
50346.594
47423.552
40776.992
36440.929
32896.34
30102.557
27515.388
26094.477
27032.69
32997.09
53806.518
68904.885
76661
82263.873
81962.436
85987
88519.821
79226.449
67510
57696.836
54627.957
53143.33
51379.964
49175.221
45505.509
42858.76
41231.216
36984.837
32155.105
28955.142
26034.376
24392.796
24334.843
29914.207
51495.863
67809.503
75192
78875.741
76366
83394.877
82946.587
76679.613
64796.916
56124.693
53280.228
48221.629
46033.793
45625.539
44094.722
41101.212
39541.822
36369.953
32676.867
30031.226
26716.3
24675.882
24103
25035.907
26755.64
29912.323
34991.435
39918.805
43022.172
46200.303
48614.998
48804
47338.928
47443.242
48256.288
46432.606
44573.049
44424.943
42881.47
42708.612
41804.792
38624.961
35508.176
31981.714
29676.683
27855.241
25890.291
25271.115
25763.44
29307.437
35653.139
40418.776
44502.169
48511.75
51597.435
52835.384
54001.436
52162.66
51823.495
49528.352
48228.811
46465.78
45900.697
43597.901
39031.181
33858.064
30378.535
27570.667
24791.568
23937.978
25371.364
31794.255
53095.115
70836.868
80240.203
86194.282
88114.516
91497.415
91236.627
86146
75096.557
65621.994
61962.989
58191.774
55610.998
52916.798
51392.656
47291.624
44060
40101
36330.336
33388.683
30884.998
29121.567
28727.922
32877.664
52992.394
70739.936
79420.901
87514.441
89891.392
92363
89571.902
85473.407
77338.43
69810.495
66369.91
64685.894
60561.428
56976.181
55580.169
51060.461
45823.617
40641.572
36518.392
32445.851
30447.445
30336.597
30074.836
35615.377
56472.92
74758.278
80625.153
84952.953
85951.812
90552.315
90306.249
83041.814
76304.773
66001.098
62987.519
60288
57135.185
54699.21
52807.261
50730.914
46539.164
40666.338
34759.708
31370.575
29680
28741.325
28500.807
35317.737
55254.216
72645.523
80896.92
86851.622
87708.614
93628.165
91876.782
87007.913
75656.404
66156
62986.301
59824.653
57246.761
54641.566
53266.723
50580.132
45983.441
42238.828
38320.265
34378.552
31930.523
31510.425
30830.23
35902.669
55222.436
73560.819
80111
83003.728
81437.142
84477.901
83847.391
76707.985
63239.84
56832
56307.906
53412.412
50746.727
48662.291
48201.778
46673.46
44128.232
41771.587
37995.398
34546.829
32936.932
30847.34
29459.922
29911.553
31444.827
35694.522
39791.496
42715.049
47104.109
49775.49
52201.753
54156.064
52505.793
52525.488
52706.984
52141.709
50541.782
49768.606
48578.744
47224.947
44891.579
42296.246
39147.617
36170.345
33863.084
32177.069
29927.823
28949.303
30533.191
33938.943
38569.109
43021.251
46883.178
51258.825
54241.936
54742.083
55396.632
53526.387
53737.436
52364.534
50889.499
50394.978
48893.249
48200.209
43254.819
38513.932
34113.201
30901.903
28659.359
27662.765
28239.083
35152.381
57627.265
74043
83177.85
86441.465
90771.491
93503.762
94055.128
84533.217
74003.642
67839.875
64746.797
61105.399
56881.734
54417.114
50811.084
48799.573
43701.249
39242.844
33689.358
30857.868
28019.671
27811.404
25677.458
31652.845
55886.455
75961.847
86750.998
91419.251
91405.351
93611
92109.633
85801
73586.831
66479.546
64222.127
59882.861
58759.423
55576.268
52467.44
51906.903
45798.844
39859.975
36084.291
33738.884
31012
29885.24
29657.876
37131.056
58456.42
74677.392
82707.285
89276.981
90175.823
91528.348
91017.869
84649.386
74295.328
66221.125
62229.943
61476.545
55868.574
52286.636
51672.988
50108.482
44081.16
39639.392
34403
30900.856
28875.908
27760.294
27790.878
34913.459
57116.824
72690.784
 at 09:30 hours and 27 January 2005
