7.89382
7.23366
7.23804
7.18292
8.32272
10.4747
13.942
13.9596
13.1183
10.9122
11.2224
8.50042
7.81939
7.12375
8.57223
6.69455
8.68157
12.4611
13.3228
12.4071
13.1066
12.1016
8.63655
8.7457
8.62472
7.23854
6.77045
8.7226
8.87721
11.0043
12.9453
12.8661
13.2946
11.7763
9.9485
8.94803
8.46921
6.92987
7.17313
7.75413
8.92677
10.3169
13.3779
12.4995
14.0115
13.1188
11.438
9.38798
8.35176
6.80538
8.00874
7.76482
8.93939
12.101
14.5995
13.6047
13.8675
12.4334
10.6534
8.64463
8.13749
6.53827
7.09274
7.01115
8.3945
10.8256
12.8186
13.9494
13.0235
10.9887
10.7863
9.82402
6.98597
6.90093
8.15679
8.13795
8.39827
10.8411
12.1577
12.0537
12.3698
11.354
10.1937
9.33341
9.00269
7.44154
7.96751
8.6852
9.11369
11.8914
15.5195
16.2338
13.6676
12.9102
10.0566
8.0095
7.47251
7.26317
6.55142
7.8815
9.42613
10.124
12.8618
14.2494
12.0913
10.5542
10.9206
9.31989
7.39458
7.08463
7.2054
7.32258
9.27943
10.2596
12.0991
14.6322
13.4115
13.1692
10.8623
9.19565
8.80077
7.92229
5.51131
8.11695
10.2448
11.3851
13.3422
14.2778
13.7567
10.4779
10.4181
9.55169
7.60089
6.76971
7.3805
7.50055
9.79421
10.6958
12.0122
16.1546
13.5225
11.2045
11.1844
9.66549
6.98958
6.78182
6.996
7.41422
9.10832
11.2518
13.2637
13.8928
12.9624
11.6362
10.6581
9.00215
7.36387
7.48572
7.232
8.00933
9.79593
10.2438
12.5344
13.6054
12.8089
11.853
11.6121
8.76098
8.45121
7.75214
6.15924
6.83933
9.75982
10.5026
11.1837
13.4811
13.5015
11.7986
10.3253
9.67243
8.16431
6.76632
7.59389
8.49586
9.92704
10.8401
14.714
14.4168
14.1446
14.5667
10.4153
8.51408
9.62912
6.85357
4.17155
7.82109
9.77423
12.1917
14.3759
14.6683
12.5456
12.4906
9.73759
8.44413
8.09125
7.91899
6.37258
7.3008
8.58138
10.9672
12.4985
12.4491
12.4739
11.5035
10.1552
8.97106
7.95761
7.58353
8.77131
8.85352
9.5953
11.1262
11.7104
12.4399
12.7955
11.9289
10.3492
9.57798
8.45969
7.32053
6.62707
7.53312
9.43084
10.1721
12.637
14.1892
12.6869
11.6944
10.9694
8.51061
7.82393
7.85056
6.93092
7.60188
9.36156
10.1994
12.3763
12.5416
12.6083
13.9097
11.3944
8.87452
9.01083
9.16779
5.43934
7.2631
9.5187
11.7926
13.3753
14.7039
13.7032
12.4314
11.1637
9.26478
8.87981
9.00206
6.77318
7.18713
8.26375
8.2031
7.30252
10.9293
12.7621
8.36167
9.79209
11.9884
8.81029
7.07773
13.4295
10.9128
12.5645
15.6757
13.275
12.229
9.95043
10.5065
9.37462
7.6688
7.07445
8.54022
8.69267
9.11779
9.89123
12.4728
14.2711
12.4032
10.9656
11.3134
9.67271
7.66252
7.34667
7.16703
8.56048
9.62277
12.0764
12.9899
14.8491
13.0242
11.4526
9.87875
9.15546
7.7273
6.98742
6.80348
7.94032
9.44584
10.4943
13.3435
13.0676
14.1245
12.6985
10.6485
8.44922
8.65769
7.2376
6.95688
6.40607
9.21754
11.8659
13.3385
14.2449
12.7999
13.043
10.1824
8.80516
8.32025
7.95298
5.84713
8.14184
9.21738
11.0275
12.9912
15.0399
14.2843
11.9797
11.1785
9.26025
7.92132
6.91636
6.37185
7.35509
9.21735
11.4477
13.6946
13.8777
13.3406
12.2243
10.3276
8.69116
7.46957
7.36486
7.04301
6.7511
8.71685
11.4522
12.8581
12.9062
11.6326
12.6664
9.85465
8.17754
8.55065
8.32236
6.24575
9.5018
10.1248
11.0051
11.3831
14.2302
12.537
12.327
10.408
9.33323
8.24894
7.64065
6.51908
7.06829
9.20302
10.9295
12.5633
12.0671
12.7261
12.7933
10.3055
9.16845
8.99318
8.03474
6.77476
7.89664
7.5548
10.2407
12.43
12.7822
12.9728
12.0064
10.2028
9.31633
8.47846
7.0829
8.22906
9.66428
10.1222
10.7799
13.9152
15.011
12.9822
12.1906
10.4327
8.95957
7.94525
6.73681
6.60041
8.76571
9.5133
10.2969
14.1634
14.4944
12.5239
13.2288
10.3112
6.89683
8.54944
8.45399
5.99392
7.53693
9.45218
11.6493
13.5359
13.3963
13.3507
11.3088
10.4147
9.11838
7.67103
6.49828
7.92594
6.63848
8.38465
10.6408
12.5267
13.3792
13.3961
11.9035
10.6406
9.02272
7.84723
8.44958
7.35893
7.4533
8.51601
10.6082
12.2985
15.0512
13.3111
11.5903
11.7414
9.57269
7.49013
7.68812
7.71563
8.02416
9.55047
9.70226
13.0469
14.5972
12.9975
12.8637
10.3608
8.93731
8.30964
7.1801
6.13873
8.50985
8.55791
9.34151
12.883
14.907
14.5241
12.6585
10.6275
9.3969
8.40473
6.53192
6.27488
7.95306
8.67717
10.3923
13.5264
15.095
13.3436
13.0515
11.3101
9.09158
8.3295
7.58565
6.17697
7.23004
7.87203
9.41725
13.4538
14.3309
13.3946
12.9266
10.569
9.13121
8.61869
7.14363
6.71012
7.3979
8.8924
11.4681
14.3923
15.2772
15.7522
12.9857
10.6359
9.50891
9.0578
6.78191
6.40483
6.60293
8.01709
9.97604
12.5835
13.2223
12.3614
11.5281
11.0902
9.28992
7.1015
7.87393
7.82959
8.20362
9.41477
10.9427
13.5276
15.1879
12.7617
12.2416
11.5776
8.86318
7.9447
8.06978
6.42782
7.1965
8.69913
10.0458
12.3171
12.7793
13.936
13.2058
10.4322
8.7375
9.34545
7.36797
5.69111
7.00003
10.3558
10.795
13.4058
16.837
14.4189
11.1942
11.5707
9.75501
7.1637
6.11953
6.47321
6.93166
9.15807
12.2016
14.0016
15.0507
13.8274
12.0075
10.431
8.85613
7.4364
7.26919
7.01506
7.47735
