1213000
1213000
2217000
2786000
2820000
2842000
2863000
2885000
2908000
2930000
2952000
2975000
2998000
3021000
3044000
3073000
3107000
3144000
3170000
3194000
3221000
3261000
3311000
3343000
3404000
3470000
3524000
3584000
3626000
3693000
3752000
3820000
3874000
3912000
4031000
4071000
4156000
4233000
4383000
4458000
4467000
4520000
4585000
4668000
4757000
4784000
4811000
4838000
4905000
4971000
5040000
5109000
5179000
5250000
5304000
5367000
5426000
5452000
5505000
5545000
5591000
5730000
5669000
5707000
5748000
5788000
5825000
5872000
5897000
5943000
5989000
6045000
6095000
6134000
6169000
6191000
6296000
6442000
6650000
6854000
7037000
7244000
7455000
7533097
7752374
7982342
8221291
8457223
8678721
8898480
9128546
9361755
9609556
9879178
10151799
10421936
10686957
10942373
11202264
11469679
11737396
12010095
12275330
12531522
12776057
13016733
13245615
13449623
13660275
13887354
14116836
14370898
14648618
14900181
15151762
15410151
15618275
15810021
16020699
16256077
16495304
16734716
16970982
17192896
17390974
17587060
17825536
18075443
18304268
18509760
18698655
18884614
19064642
19238575
19408635
19576783
19742439
19905165
20064776
20222240
20378239
20532150
22937028
