0.460
0.428
0.493
0.460
0.428
0.296
0.493
0.526
0.493
0.493
0.460
0.658
0.625
0.658
0.592
0.625
0.658
0.855
0.592
0.625
0.559
0.724
0.921
0.888
0.592
0.658
0.921
0.888
0.460
0.658
0.921
1.118
1.053
1.053
0.987
0.757
1.085
0.921
0.888
0.822
0.757
1.151
0.855
0.691
0.855
0.954
0.855
1.118
0.888
0.855
0.822
0.691
0.954
1.250
1.355
1.050
1.086
1.012
1.056
1.482
1.193
1.401
1.590
1.529
1.557
1.278
1.063
1.183
1.449
1.454
1.337
0.735
0.815
0.963
1.294
1.187
1.100
1.324
1.149
0.846
1.196
1.082
1.063
0.701
0.767
0.934
1.022
0.789
1.101
1.093
1.102
0.858
0.803
0.707
0.954
0.620
0.998
0.908
0.897
0.952
0.831
0.958
1.158
1.147
1.048
1.037
1.367
1.178
1.243
0.857
0.654
0.662
1.106
0.890
1.027
1.170
1.027
1.209
1.104
0.962
1.143
0.838
1.240
1.116
0.957
1.281
0.748
0.724
0.982
0.878
0.823
0.715
0.784
1.002
0.884
0.777
0.660
0.777
0.892
0.911
0.617
0.853
0.927
0.862
0.990
0.984
0.830
0.970
1.183
1.424
0.945
1.222
1.177
1.140
1.145
1.036
1.033
1.249
1.216
1.138
0.726
0.828
1.253
0.969
1.050
1.263
1.169
0.550
1.064
0.887
1.087
0.750
0.838
1.051
1.048
0.915
0.832
1.271
0.829
0.813
1.016
0.790
0.849
0.836
0.938
0.885
0.863
0.432
0.628
0.786
0.943
0.747
0.904
0.393
0.786
0.551
0.949
0.728
0.738
0.778
1.021
1.221
1.331
0.888
1.243
0.906
0.934
0.859
0.808
1.118
1.090
1.064
1.067
1.218
1.002
1.002
1.238
1.074
1.391
0.980
1.018
1.120
1.056
0.814
0.792
0.962
0.969
0.786
0.915
0.881
0.874
0.860
0.855
0.778
1.107
1.129
0.927
1.105
1.109
0.848
1.105
1.242
1.254
1.076
1.211
1.093
1.050
1.004
0.903
0.977
1.023
1.173
1.211
1.020
0.946
0.960
0.976
1.263
1.264
1.160
1.261
1.196
1.215
0.833
0.908
1.400
1.118
1.148
1.248
1.214
0.912
0.897
1.075
0.945
0.976
0.933
0.944
0.917
0.934
0.978
0.867
0.870
1.019
1.057
0.767
0.904
0.857
0.981
0.978
1.182
1.102
0.890
0.919
1.121
1.198
1.141
1.190
1.097
1.304
0.992
1.207
1.245
0.960
0.983
0.727
1.217
1.171
1.169
0.933
0.919
1.096
0.937
1.146
0.970
0.694
1.049
1.131
0.865
1.363
1.131
1.092
1.258
1.220
0.876
1.079
0.995
1.160
1.341
1.041
0.809
1.240
1.213
0.847
0.935
0.963
0.729
1.215
0.742
0.761
0.629
0.744
0.659
0.844
1.033
1.010
0.838
0.631
0.536
0.701
0.904
0.722
0.846
0.563
0.594
0.752
0.686
0.825
0.885
0.761
0.867
1.024
1.041
0.661
0.959
0.733
0.904
1.121
0.810
0.907
1.009
0.908
0.893
0.907
1.093
0.853
1.183
1.282
1.055
1.290
1.336
1.160
1.179
0.935
1.173
0.870
0.981
0.973
0.888
0.861
0.955
0.985
1.015
1.142
1.250
1.056
0.949
0.935
1.025
0.976
0.745
1.003
1.020
1.291
1.225
1.429
1.351
1.400
0.991
0.971
0.930
0.988
0.974
1.284
1.613
1.352
1.067
0.975
1.120
0.920
1.021
0.761
1.233
1.542
0.952
1.014
1.123
0.928
1.184
1.116
0.888
0.747
0.621
0.863
0.821
0.907
1.064
0.595
0.868
0.558
0.586
0.860
0.938
0.750
1.000
1.126
0.672
0.542
1.121
0.972
0.775
0.904
0.746
0.768
0.821
0.687
0.886
0.978
0.959
0.966
1.091
1.013
1.135
1.091
0.911
1.114
1.016
0.985
1.028
0.999
0.896
1.031
0.858
1.199
1.024
0.913
0.832
0.895
0.881
0.666
0.927
0.900
0.791
1.055
0.753
1.006
0.978
1.031
0.959
0.647
0.814
1.138
1.019
1.059
1.004
0.959
0.963
0.811
1.103
1.128
1.009
1.140
1.057
1.103
0.865
0.771
0.997
0.886
0.818
0.900
0.872
0.673
0.620
1.028
0.848
0.885
1.045
1.006
0.953
0.801
0.866
1.056
1.111
0.916
0.653
0.856
1.016
1.104
1.065
1.065
1.038
0.386
0.655
0.784
0.752
0.877
0.919
0.969
0.799
1.006
0.899
0.678
0.919
1.220
1.091
1.042
0.992
1.157
1.285
1.399
0.932
1.120
1.185
1.293
1.464
1.204
1.071
1.222
1.343
1.350
1.067
1.083
0.682
1.103
1.131
1.279
1.326
0.902
1.118
1.192
1.134
0.925
0.756
0.891
0.908
0.825
0.965
1.041
1.305
1.095
0.935
1.009
1.235
0.994
0.673
0.679
0.838
1.052
0.879
0.692
0.781
0.540
0.685
1.234
1.249
1.298
1.277
1.231
1.404
1.056
0.938
1.336
1.094
1.251
1.145
1.079
1.149
1.747
1.482
1.556
1.423
1.438
1.575
1.467
1.331
0.933
0.627
0.867
0.824
1.193
1.320
0.944
0.709
0.680
0.927
1.187
1.066
1.033
1.027
1.136
1.012
0.973
1.129
0.824
0.945
0.853
0.807
0.869
0.903
0.949
1.014
0.904
1.123
0.978
0.950
0.873
0.751
0.655
0.823
0.865
0.770
0.759
0.886
0.811
0.660
0.694
0.845
0.864
0.661
0.777
0.778
1.016
0.983
1.128
0.876
1.029
1.028
0.943
1.111
0.946
0.870
0.889
0.980
0.885
0.864
0.825
0.907
1.080
0.831
1.019
0.896
0.689
0.978
1.022
0.871
0.836
0.857
1.228
0.976
0.863
1.045
0.951
0.933
0.988
1.134
0.867
1.010
1.007
0.848
0.285
0.810
1.029
0.973
0.914
0.936
0.947
0.996
0.821
1.205
1.006
1.199
1.278
1.231
1.091
0.991
0.883
1.124
1.070
1.062
0.873
0.911
0.743
0.911
1.123
1.077
0.843
0.949
1.056
0.838
0.776
0.714
0.946
0.707
0.875
0.803
0.601
0.795
0.836
0.540
0.819
0.825
0.824
1.140
0.885
0.956
0.752
0.916
0.939
0.762
0.928
0.867
1.075
1.036
1.108
1.109
1.181
1.054
1.141
1.182
1.066
1.027
0.469
0.547
0.621
0.598
0.782
0.945
0.838
0.775
0.623
0.799
0.726
0.830
0.865
0.785
0.883
0.615
0.531
0.707
0.669
0.834
0.762
0.758
0.679
0.770
0.814
0.872
0.816
0.847
0.837
0.778
0.835
0.817
0.699
0.854
0.759
0.802
0.842
0.810
0.825
0.853
0.614
0.874
1.044
1.066
0.957
1.043
0.986
1.064
1.058
0.862
0.915
0.951
0.928
0.816
0.836
0.810
1.018
1.187
0.985
0.987
1.339
1.353
1.044
1.106
0.997
1.029
1.086
0.835
0.919
1.037
0.967
0.959
1.085
0.887
1.058
1.136
0.950
1.222
0.915
0.453
0.866
0.972
1.131
1.163
1.089
1.064
0.968
0.810
0.666
1.055
0.856
0.706
0.831
0.639
0.733
0.656
0.935
0.847
0.797
1.140
0.909
0.872
0.874
0.918
1.230
1.137
1.130
1.053
1.218
1.217
1.051
1.062
1.087
1.076
1.033
1.014
0.920
0.871
0.835
0.751
0.957
0.956
0.851
1.126
0.831
0.833
0.882
0.989
0.810
0.825
0.687
1.092
0.944
0.972
1.027
0.887
0.932
0.856
0.794
0.830
0.912
0.794
0.785
0.835
0.812
0.823
0.744
0.966
0.916
0.801
0.877
0.789
0.787
0.785
0.899
0.859
0.756
0.926
0.968
0.856
0.743
1.012
0.828
0.875
0.918
0.955
0.976
0.964
0.917
0.893
1.060
1.132
0.928
0.854
0.828
0.560
0.384
0.715
0.653
0.748
0.725
0.878
1.070
0.907
0.970
0.981
0.980
1.168
0.983
1.040
1.076
1.328
1.259
1.190
1.169
1.063
0.995
0.986
0.915
1.035
1.092
1.099
0.796
1.029
0.823
1.061
1.009
1.115
0.997
1.254
1.251
1.109
1.045
1.215
0.959
1.050
1.083
1.033
0.908
1.149
0.964
0.945
0.777
0.949
1.001
1.079
1.070
0.981
0.954
0.773
0.910
0.952
0.783
0.856
1.110
0.968
0.962
0.927
0.794
0.669
0.851
0.860
0.913
0.907
1.007
1.037
1.055
0.953
1.098
1.163
1.121
0.841
1.019
0.896
0.882
0.946
0.893
0.752
0.878
0.730
0.744
0.983
1.106
1.116
0.956
0.848
1.070
0.908
1.186
1.087
0.932
1.015
1.348
1.332
1.570
1.428
1.098
1.109
0.958
0.872
0.957
0.817
0.962
0.903
0.861
0.856
0.822
0.975
0.949
0.764
0.875
0.910
0.655
0.873
0.905
0.921
0.862
1.123
0.919
1.056
1.079
0.925
0.661
0.789
0.934
0.701
0.915
0.818
1.017
1.030
1.005
0.917
1.218
0.991
1.217
0.995
1.172
1.331
1.186
1.002
1.103
0.876
0.817
0.853
0.700
0.535
0.726
0.810
0.852
0.926
0.786
0.875
0.795
0.864
0.587
0.943
1.014
1.067
1.090
0.997
0.956
1.037
0.823
1.028
0.808
0.840
0.714
0.779
0.692
0.632
0.773
0.880
0.682
0.833
0.889
0.751
0.839
0.776
0.857
0.958
0.842
0.971
0.960
1.096
1.062
1.046
1.130
1.097
1.160
1.255
1.175
1.175
1.468
1.469
1.382
1.180
0.984
0.986
1.036
1.022
0.952
1.010
0.831
0.895
0.851
0.860
0.800
0.850
0.861
0.884
1.070
0.929
1.135
1.329
1.206
1.106
0.967
1.265
1.228
1.291
1.180
1.341
1.146
1.213
1.054
1.285
1.393
1.004
1.094
1.076
0.954
1.324
1.147
1.217
1.010
0.947
0.883
0.881
1.152
1.207
1.180
1.236
1.349
1.187
0.889
0.357
0.465
0.487
0.348
0.525
0.653
0.758
0.651
1.037
0.976
0.965
1.163
1.148
0.795
0.869
0.914
0.832
0.989
0.816
0.832
1.284
1.182
1.091
0.935
1.004
0.690
0.995
0.947
1.041
0.997
0.955
0.827
0.974
0.910
1.009
1.266
1.130
0.980
1.357
1.264
1.210
1.159
1.202
1.441
1.062
1.089
0.795
0.899
0.993
0.977
0.992
1.261
1.240
1.104
1.120
1.185
1.093
1.297
1.025
1.064
0.995
0.982
0.999
0.930
0.828
0.945
0.950
1.028
1.096
1.085
0.961
1.008
1.060
0.609
0.614
0.689
0.598
0.482
0.651
0.648
0.948
0.936
1.111
1.078
1.020
0.864
0.930
0.777
0.983
0.778
0.718
0.485
0.670
0.530
0.328
0.329
0.384
0.266
0.387
0.373
0.390
0.484
0.511
0.724
0.646
0.788
0.493
0.741
0.705
0.874
0.859
0.941
1.158
1.042
1.215
0.991
1.141
1.272
1.214
1.326
1.126
1.374
1.220
0.848
1.131
0.996
1.135
1.081
1.272
1.188
1.034
1.514
1.347
1.378
1.349
0.862
1.333
1.144
1.357
1.374
1.471
1.611
1.455
1.519
1.624
1.474
1.352
1.571
1.343
1.493
1.307
1.456
1.402
1.671
1.322
1.390
1.125
1.015
1.227
0.984
1.110
0.815
1.481
1.079
1.395
1.523
1.680
1.678
1.404
1.062
1.167
1.196
1.231
1.179
1.378
1.043
1.101
1.216
0.883
0.788
0.844
0.877
0.948
1.079
1.253
1.208
1.313
1.280
1.409
0.918
1.383
1.405
1.427
1.426
1.267
1.390
1.554
1.722
1.641
1.416
1.403
1.399
1.672
1.629
1.559
1.326
1.667
1.069
1.278
1.327
1.319
1.224
1.631
1.733
1.664
1.224
1.312
1.397
1.417
1.193
1.224
1.397
1.132
1.199
1.361
1.190
1.150
1.292
1.160
1.148
1.189
1.275
1.441
1.135
0.966
1.032
1.052
1.203
1.302
