135
143
66
8
24
135
140
121
128
103
40
20
94
48
161
150
110
57
31
148
107
140
111
100
22
39
118
53
125
154
117
49
7
152
162
27
49
59
13
15
69
56
67
95
47
23
12
86
20
47
26
50
14
62
99
195
165
203
172
86
93
240
226
234
164
111
74
22
157
160
171
33
45
59
77
82
145
213
186
174
23
28
203
287
504
346
247
161
94
244
312
316
302
273
143
39
172
454
422
336
268
198
207
376
463
554
521
434
189
187
635
740
529
141
307
256
176
638
566
531
507
556
245
167
510
553
489
509
163
393
642
564
689
551
555
461
177
293
433
466
625
508
553
317
618
396
351
444
538
309
466
661
790
597
635
571
248
213
646
728
582
621
547
301
229
553
762
678
625
464
226
316
363
415
594
528
552
323
152
428
477
521
581
460
344
216
511
528
487
435
434
216
269
312
636
567
595
539
490
269
576
573
247
242
389
206
169
586
516
601
561
535
534
232
465
663
663
569
470
338
231
558
596
623
413
467
115
199
457
309
266
260
487
169
215
557
571
604
605
477
73
126
534
386
451
546
374
84
128
364
437
311
320
332
120
45
412
339
328
374
236
203
123
364
398
370
378
4
105
131
336
289
311
325
275
15
60
214
227
289
127
87
18
321
115
289
207
238
93
92
252
243
245
221
171
66
42
245
254
230
216
148
64
46
196
233
217
180
70
17
25
67
14
0
2
14
1
0
1
48
168
241
153
31
28
189
224
190
162
129
40
37
144
49
63
0
0
0
0
73
71
59
7
2
2
0
24
0
11
93
121
53
150
174
119
145
134
160
58
43
194
224
247
186
134
61
42
137
157
63
67
36
20
7
78
67
66
70
6
8
0
7
3
2
4
0
0
0
57
66
146
119
74
28
29
81
125
137
161
109
112
29
196
200
167
176
135
57
47
144
200
163
106
97
21
15
135
200
256
269
243
152
93
226
178
242
45
80
84
126
85
137
206
207
161
138
139
513
344
385
397
161
330
221
459
494
431
1015
389
114
0
0
196
294
234
319
109
175
512
455
443
354
300
215
122
453
350
561
122
391
297
165
655
609
559
513
502
202
199
231
0
587
649
750
243
256
543
453
338
368
288
169
190
702
500
545
659
718
2055
995
795
715
567
455
291
219
626
691
654
542
417
270
342
442
561
665
595
454
250
154
575
553
473
509
460
171
357
707
655
588
636
409
210
169
1017
591
606
1388
265
270
252
525
439
439
166
216
292
1395
582
500
487
386
241
249
524
555
518
488
413
297
534
622
421
403
452
233
130
389
439
512
526
657
700
189
594
619
733
549
476
286
314
645
534
554
564
485
374
193
552
584
536
407
345
191
345
472
447
406
309
374
189
438
341
437
373
370
137
241
508
458
521
474
447
293
277
320
170
362
220
128
85
386
330
118
326
173
195
421
393
139
230
217
98
286
234
263
276
214
117
49
286
356
