0.023
0.044
0.059
0.023
0.008
0.043
0.046
0.017
0.023
0.031
0.022
0.017
0.021
0.048
0.007
0.017
0.052
0.009
0.065
0.045
0.043
0.053
0.068
0.019
0.005
0.018
0.108
0.032
0.013
0.041
0.013
0.074
0.024
0.015
0.120
0.003
0.057
0.006
0.002
0.016
0.043
0.112
0.046
0.098
0.049
0.199
0.134
0.025
0.063
0.022
0.080
0.010
0.017
0.165
0.037
0.008
0.130
0.089
0.022
0.074
0.049
0.114
0.069
0.096
0.137
0.139
0.074
0.010
0.299
0.084
0.098
0.145
0.028
0.051
0.118
0.203
0.233
0.009
0.377
0.375
0.037
0.139
0.059
0.052
0.007
0.184
0.034
0.422
0.159
0.132
0.088
0.115
0.114
0.089
0.103
0.022
0.106
0.037
0.001
0.027
0.081
0.021
0.115
0.054
0.006
0.032
0.083
0.004
0.042
0.040
0.031
0.096
0.032
0.068
0.083
0.022
0.024
0.075
0.039
0.037
0.066
0.017
0.025
0.077
0.046
0.031
0.068
0.009
0.001
0.075
0.004
0.006
0.038
0.015
0.009
0.083
0.010
0.053
0.103
0.055
0.142
0.102
0.101
0.050
0.013
0.061
0.250
0.141
0.044
0.247
0.073
0.027
0.015
0.076
0.033
0.038
0.069
0.033
0.135
0.006
0.062
0.064
0.109
0.071
0.165
0.015
0.049
0.024
0.035
0.007
0.010
0.005
0.240
0.077
0.031
0.026
0.010
0.039
0.042
0.003
0.048
0.015
0.004
0.065
0.004
0.054
0.055
0.009
0.010
0.069
0.042
0.045
0.014
0.025
0.068
0.044
0.064
0.018
0.031
0.007
0.027
0.064
0.014
0.052
0.072
0.051
0.053
0.001
0.045
0.020
0.054
0.010
0.024
0.013
0.076
0.059
0.015
0.003
0.017
0.013
0.040
0.051
0.021
0.009
0.003
0.000
0.004
0.035
0.014
0.062
0.046
0.088
0.012
0.003
0.020
0.058
0.042
0.030
0.032
0.010
0.070
0.070
0.046
0.038
0.022
0.039
0.026
0.073
0.102
0.008
0.012
0.043
0.024
0.015
0.017
0.039
0.009
0.053
0.036
0.028
0.014
0.021
0.029
0.021
0.040
0.047
0.077
0.027
0.078
0.003
0.053
0.008
0.030
0.068
0.108
0.031
0.001
0.039
0.030
0.021
0.037
0.002
0.062
0.012
0.024
0.030
0.001
0.044
0.017
0.010
0.004
0.045
0.039
0.058
0.009
0.033
0.056
0.004
0.001
0.046
0.061
0.007
0.018
0.048
0.041
0.026
0.069
0.039
0.001
0.014
0.003
0.039
0.016
0.037
0.048
0.043
0.023
0.046
0.018
0.015
0.020
0.001
0.047
0.036
0.007
0.018
0.024
0.027
0.003
0.016
0.025
0.058
0.001
0.051
0.009
0.002
0.051
0.003
0.030
0.049
0.033
0.001
0.057
0.034
0.083
0.020
0.081
0.051
0.018
0.004
0.005
0.038
0.001
0.082
0.061
0.008
0.011
0.031
0.075
0.001
0.037
0.035
0.069
0.002
0.066
0.039
0.052
0.038
0.046
0.005
0.011
0.035
0.042
0.033
0.020
0.037
0.037
0.001
0.011
0.056
0.062
0.032
0.016
0.042
0.043
0.021
0.031
0.032
0.015
0.026
0.043
0.012
0.048
0.025
0.022
0.052
0.004
0.000
0.001
0.039
0.019
0.004
0.035
0.015
0.046
0.011
0.013
0.028
0.072
0.009
0.014
0.018
0.027
0.020
0.025
0.026
0.060
0.002
0.040
0.046
0.063
0.027
0.026
0.004
0.019
0.029
0.033
0.020
0.020
0.028
0.039
0.003
0.038
0.016
0.006
0.062
0.086
0.082
0.064
0.015
0.048
0.004
0.102
0.014
0.049
0.029
0.036
0.049
0.014
0.020
0.004
0.049
0.011
0.032
0.011
0.024
0.027
0.010
0.015
0.006
0.012
0.016
0.018
0.016
0.029
0.008
0.005
0.004
0.033
0.002
0.015
0.034
0.008
0.049
0.013
0.023
0.032
0.027
0.009
0.009
0.005
0.018
0.022
0.021
0.054
0.016
0.014
0.078
0.007
0.048
0.003
0.002
0.078
0.002
0.039
0.042
0.052
0.018
0.045
0.012
0.033
0.029
0.001
0.026
0.044
0.031
0.009
0.082
0.011
0.009
0.019
0.012
0.039
0.007
0.048
0.042
0.008
0.047
0.034
0.022
0.002
0.056
0.060
0.040
0.025
0.044
0.035
0.019
0.077
0.053
0.002
0.091
0.061
0.050
0.073
0.045
0.033
0.011
0.047
0.057
0.041
0.009
0.037
0.036
0.042
0.001
0.041
0.036
0.007
0.042
0.003
0.086
0.018
0.025
0.006
0.004
0.017
0.022
0.002
0.035
0.005
0.009
0.046
0.012
0.017
0.038
0.001
0.041
0.019
0.007
0.038
0.037
0.040
0.001
0.114
0.017
0.010
0.004
0.023
0.039
0.034
0.015
0.078
0.090
0.119
0.163
0.053
0.020
0.123
0.060
0.022
0.047
0.044
0.044
0.068
0.021
0.035
0.062
0.025
0.012
0.118
0.011
0.031
0.011
0.014
0.041
0.008
0.005
0.023
0.022
0.008
0.053
0.051
0.022
0.014
0.000
0.024
0.045
0.016
0.021
0.003
0.043
0.027
0.003
0.062
0.025
0.025
0.085
0.004
0.018
0.054
0.026
0.007
0.092
0.017
0.015
0.040
0.037
0.055
0.002
0.026
0.039
0.009
0.053
0.000
0.069
0.043
0.017
0.058
0.004
0.102
0.041
0.047
0.027
0.065
0.006
0.025
0.016
0.102
0.034
0.046
0.013
0.036
0.024
0.002
0.010
0.002
0.062
0.054
0.049
0.037
0.030
0.018
0.061
0.010
0.040
0.039
0.020
0.023
0.116
0.008
0.110
0.036
0.015
0.033
0.019
0.033
0.075
0.012
0.035
0.033
0.011
0.010
0.015
0.017
0.009
0.009
0.039
0.014
0.006
0.059
0.018
0.017
0.106
0.004
0.000
0.015
0.022
0.074
0.009
0.003
0.005
0.054
0.012
0.005
0.012
0.035
0.043
0.065
0.045
0.002
0.072
0.053
0.014
0.050
0.014
0.059
0.071
0.085
0.055
0.022
0.028
0.132
0.037
0.026
0.012
0.006
0.048
0.048
0.035
0.024
0.218
0.085
0.073
0.040
0.042
0.033
0.009
0.003
0.043
0.005
0.039
0.040
0.026
0.019
0.015
0.071
0.029
0.021
0.050
0.035
0.008
0.088
0.016
0.007
0.025
0.017
0.021
0.069
0.009
0.024
0.027
0.092
0.009
0.005
0.094
0.051
0.007
0.060
0.025
0.042
0.067
0.022
0.000
0.039
0.048
0.045
0.020
0.019
0.012
0.044
0.112
