2368
2522
2032
2061
1831
1622
1639
1239
1301
1474
1854
2171
2124
2009
2255
2252
1823
1706
1605
1523
1766
2167
2705
3306
3557
3694
3687
3562
3557
3532
3403
3175
3526
4078
4481
5208
5757
5643
5508
5295
5080
4670
4452
3903
4060
4397
4729
5090
5096
4995
4904
4898
4878
4714
4452
3889
3880
3883
4089
4353
4156
3799
3542
3331
3243
3134
2853
2267
2192
2247
2316
2442
2337
2185
2112
2064
2030
2184
1947
1628
1645
1749
1879
1977
2037
1934
1866
1759
1631
1578
1476
1336
1315
1321
1357
1545
1631
1674
1717
1739
1842
1968
2136
2229
3106
5445
7902
10456
13276
14545
14814
14595
14091
13756
13386
12145
12682
13357
13776
14705
15026
15060
14669
13875
12988
12569
12096
11547
12062
12363
12745
13458
13772
13757
13262
12553
11704
11423
11294
10759
10918
11348
11760
11452
11620
11457
10837
9826
8704
8372
8200
7882
8187
8562
8958
8686
8715
8487
7998
7515
6935
6874
6719
6125
6233
6525
6829
7190
7213
7106
6801
6293
5717
